comparison	relatedness	1:max_ibd	2:max_ibd	3:max_ibd	4:max_ibd	5:max_ibd	6:max_ibd	7:max_ibd	8:max_ibd	9:max_ibd	10:max_ibd	11:max_ibd	12:max_ibd	13:max_ibd	14:max_ibd	1:n_ibd	2:n_ibd	3:n_ibd	4:n_ibd	5:n_ibd	6:n_ibd	7:n_ibd	8:n_ibd	9:n_ibd	10:n_ibd	11:n_ibd	12:n_ibd	13:n_ibd	14:n_ibd
DE001N0:DE009N0	0.471	1	1	1	1	1	2	3	1	2	2	1	3	3	3	0.344	0.328	0.259	0.657	1.0	0.666	0.122	0.371	0.19	0.293	0.234	0.13	0.554	0.241
DE001N0:DE010N0	0.498	1	1	1	1	2	2	3	1	2	1	1	2	2	2	0.669	0.459	0.439	0.657	0.118	0.36	0.182	0.629	0.335	0.574	0.757	0.45	0.232	0.13
DE001N0:DE018N0	0.582	1	1	1	2	2	2	2	2	3	1	2	3	2	1	0.126	0.251	0.735	0.273	0.439	0.33	0.569	0.518	0.407	0.765	0.604	0.504	0.284	0.381
DE001N0:DE027N0	0.587	1	2	1	2	1	2	2	1	1	1	2	2	1	2	1.0	0.277	0.397	0.6	0.637	0.494	0.189	0.111	0.327	0.786	0.441	0.535	0.554	0.454
DE001N0:DE032N0	0.564	2	1	0	2	2	2	1	1	2	1	1	1	1	3	0.656	1.0	0.0	0.166	0.574	0.494	0.916	0.111	0.103	1.0	0.832	0.761	0.258	0.319
DE001N0:DE034N0	0.512	1	0	1	1	1	2	2	2	3	0	2	3	3	2	0.344	0.0	0.148	0.657	0.368	0.494	0.494	0.239	0.327	0.0	0.441	0.401	0.454	0.448
DE001N0:DE039N0	0.438	1	0	1	2	1	2	1	1	2	2	2	2	2	3	0.344	0.0	0.357	0.6	0.637	0.494	0.162	0.111	0.087	0.379	0.168	0.501	0.39	0.371
DE001N0:DE041N0	0.537	1	0	1	2	1	1	1	2	2	1	2	1	2	3	0.656	0.0	0.268	0.28	0.91	0.251	0.084	0.518	0.225	0.24	0.216	1.0	0.562	0.328
DE001N0:DE043N0	0.496	0	1	2	2	1	2	1	2	2	0	2	2	2	1	0.0	0.235	0.741	0.102	0.637	0.255	0.916	0.371	0.327	0.0	0.305	0.388	0.554	0.448
DE001N0:DE044N0	0.558	1	3	1	2	1	1	2	2	3	1	2	3	1	3	0.656	0.189	0.338	0.091	1.0	0.251	0.517	0.409	0.327	0.264	0.473	0.385	0.554	0.231
DE001N0:DE048N0	0.43	1	1	1	2	1	2	1	2	1	1	1	1	3	2	0.656	1.0	1.0	0.453	0.211	0.494	0.084	0.371	0.087	0.136	0.245	0.282	0.284	0.334
DE001N0:DE064N0	0.475	1	0	1	2	1	3	1	3	3	1	2	1	1	2	0.076	0.0	0.653	0.6	0.91	0.494	0.246	0.518	0.327	0.189	0.13	0.08	0.471	0.448
DE001N0:DE065N0	0.523	1	1	1	2	1	2	2	2	3	1	2	2	3	1	0.656	1.0	1.0	0.115	0.09	0.494	0.45	0.518	0.483	0.872	0.215	0.614	0.105	0.391
DE001N0:DE066N0	0.416	1	0	1	1	1	1	2	2	3	2	0	2	3	3	0.344	0.0	1.0	0.058	0.09	0.251	0.373	0.149	0.243	0.452	0.0	0.443	0.267	0.387
DE001N0:DE068N0	0.556	1	2	1	1	2	2	2	2	3	1	1	2	3	2	0.158	0.585	0.523	0.39	0.492	0.495	0.395	0.629	0.327	0.455	0.679	0.347	0.271	0.287
DE001N0:DE077N0	0.531	1	1	0	2	2	1	2	2	2	1	3	3	2	1	0.656	0.269	0.0	0.286	0.41	0.251	0.569	0.458	0.327	0.371	0.204	0.356	0.284	0.851
DE001N0:DE133C0	0.501	1	1	1	2	3	1	2	2	2	1	1	2	2	2	0.127	0.612	0.319	0.254	0.368	0.251	0.754	0.518	0.087	1.0	0.168	0.775	0.284	0.334
DE001N0:DE135C0	0.538	1	1	1	3	1	2	1	2	2	1	2	1	2	2	0.454	1.0	0.286	0.181	0.91	0.251	0.788	0.223	0.483	0.385	0.675	0.818	0.322	0.111
DE001N0:DE141C0	0.633	1	0	2	2	1	2	2	2	3	1	1	1	2	3	0.656	0.0	0.783	0.6	0.91	0.494	0.284	0.518	0.327	1.0	0.924	0.626	0.187	0.277
DE001N0:DE150C0	0.429	2	1	1	2	2	2	1	1	1	1	1	2	1	2	0.344	0.388	0.681	0.346	0.269	0.494	0.162	0.111	0.103	0.256	0.573	0.319	0.328	0.454
DE001N0:DE165C0	0.528	1	1	1	2	2	2	1	2	3	1	3	3	3	2	0.433	0.674	0.641	0.6	0.487	0.251	0.084	0.285	0.26	0.308	0.305	0.484	0.378	0.305
DE001N0:DE166C0	0.476	1	1	1	2	1	2	2	1	2	1	2	2	2	3	0.344	1.0	0.618	0.343	0.696	0.283	0.242	0.111	0.327	1.0	0.527	0.136	0.218	0.174
DE001N0:DE194C0	0.52	2	0	0	2	1	1	2	1	2	1	1	3	2	2	0.348	0.0	0.0	0.343	0.91	0.745	0.337	0.111	0.483	1.0	0.168	0.289	0.554	0.198
DE001N0:DE205C0	0.574	1	2	1	2	2	2	2	2	4	1	2	1	3	2	0.226	0.358	0.595	0.343	0.857	0.251	0.161	0.518	0.15	0.615	0.168	0.92	0.404	0.352
DE001N0:DE216C0	0.608	2	1	2	2	1	2	2	2	3	1	2	2	2	2	0.344	0.85	0.779	0.157	0.334	0.276	0.754	0.362	0.327	0.24	0.401	0.467	0.601	0.454
DE001N0:DE221C0	0.614	1	1	1	2	2	2	1	3	3	1	1	2	2	3	0.656	0.547	0.106	0.435	0.559	0.494	0.754	0.295	0.128	1.0	0.708	0.328	0.653	0.334
DE001N0:DE233C0	0.429	1	1	1	1	1	1	2	2	2	1	2	2	1	2	0.344	1.0	0.101	0.058	0.09	0.251	0.206	0.518	0.268	1.0	0.375	0.496	0.277	0.111
DE001N0:DE239C0	0.53	1	2	1	3	2	2	2	1	3	1	1	2	1	2	0.344	0.731	0.289	0.282	0.827	0.494	0.754	0.111	0.483	1.0	0.305	0.153	0.322	0.448
DE001N0:DE241C0	0.444	1	1	2	1	1	2	2	3	2	1	3	1	1	1	0.344	0.327	0.405	0.058	0.207	0.494	0.514	0.371	0.483	0.76	0.436	0.08	0.161	0.389
DE001N0:DE267C0	0.476	1	1	1	2	2	2	1	2	3	1	2	1	2	2	0.656	0.255	0.319	0.4	0.317	0.255	0.381	0.276	0.381	0.059	0.32	0.92	0.446	0.244
DE001N0:DE274C0	0.612	2	1	1	2	1	1	2	2	3	1	1	1	2	3	0.426	1.0	0.569	0.6	0.637	0.542	0.754	0.387	0.57	0.566	0.832	0.314	0.078	0.294
DE001N0:DE317C0	0.556	1	0	1	1	1	2	2	2	3	1	1	2	2	2	0.251	0.0	0.747	0.4	1.0	0.494	0.195	0.482	0.483	0.465	0.832	0.198	0.554	0.448
DE001N0:DE327C0	0.568	1	0	1	2	1	3	1	2	3	0	2	1	3	2	0.344	0.0	0.783	0.6	0.91	0.276	0.677	0.183	0.483	0.0	0.576	0.761	0.284	0.381
DE001N0:DE366C0	0.554	0	3	0	2	2	1	2	2	2	1	2	1	3	1	0.0	0.367	0.0	0.6	0.605	0.745	0.422	0.371	0.327	0.636	0.168	0.92	0.216	0.454
DE001N0:MKK2835.2G/	0.522	1	0	0	2	1	2	1	2	2	0	1	1	2	2	0.344	0.0	0.0	0.6	0.91	0.494	0.162	0.518	0.483	0.0	0.832	0.08	0.554	0.448
DE001N0:NHP1337.12C/	0.478	1	1	1	1	1	1	2	1	2	1	1	1	1	1	0.656	1.0	1.0	0.058	0.09	0.251	0.754	0.111	0.327	1.0	0.168	0.92	0.161	0.454
DE009N0:DE010N0	0.477	2	2	1	1	2	2	3	0	3	3	2	3	2	2	0.344	0.358	0.303	1.0	0.118	0.36	0.221	0.0	0.235	0.276	0.159	0.391	0.394	0.459
DE009N0:DE018N0	0.4	1	2	0	2	2	1	3	1	2	2	2	3	2	2	0.782	0.358	0.0	0.441	0.439	0.286	0.221	0.345	0.196	0.293	0.25	0.273	0.527	0.142
DE009N0:DE027N0	0.572	1	2	2	1	1	2	3	1	2	3	2	3	2	2	0.338	0.081	0.603	0.559	0.677	0.449	0.231	0.56	0.458	0.293	0.412	0.154	0.74	0.383
DE009N0:DE032N0	0.5	1	1	1	2	2	2	2	1	2	2	2	3	2	3	0.188	0.328	0.741	0.441	0.574	0.389	0.122	0.56	0.488	0.293	0.234	0.159	0.387	0.241
DE009N0:DE034N0	0.6	1	2	2	1	1	2	3	1	2	3	3	3	3	2	1.0	0.358	0.741	1.0	0.408	0.449	0.284	0.321	0.44	0.288	0.234	0.279	0.292	0.354
DE009N0:DE039N0	0.571	1	2	1	1	1	2	2	1	2	2	2	2	3	2	1.0	0.358	0.384	0.559	0.677	0.449	0.444	0.56	0.608	0.185	0.355	0.362	0.39	0.303
DE009N0:DE041N0	0.604	0	2	1	2	1	1	2	1	1	2	1	3	2	2	0.0	0.358	1.0	0.239	0.95	0.217	0.666	0.44	0.688	0.413	0.853	0.13	0.503	0.383
DE009N0:DE043N0	0.582	1	2	1	2	1	1	3	2	2	3	3	2	2	3	0.638	0.358	0.094	0.23	0.677	0.551	0.122	0.542	0.608	0.288	0.25	0.248	0.854	0.271
DE009N0:DE044N0	0.545	0	3	2	2	1	1	2	2	3	2	2	3	2	2	0.0	0.187	0.662	0.441	1.0	0.217	0.122	0.44	0.248	0.413	0.234	0.203	0.764	0.49
DE009N0:DE048N0	0.582	0	1	1	3	1	2	2	2	2	2	2	2	3	2	0.0	0.328	0.259	0.453	0.25	0.449	0.666	0.458	0.608	0.288	0.336	0.322	0.356	0.617
DE009N0:DE064N0	0.565	1	2	1	1	1	3	3	2	2	4	2	3	2	2	0.58	0.358	0.088	0.559	0.95	0.449	0.444	0.218	0.402	0.153	0.537	0.362	0.29	0.322
DE009N0:DE065N0	0.339	0	1	1	2	1	1	2	1	2	2	2	4	3	2	0.0	0.328	0.259	0.441	0.05	0.449	0.221	0.128	0.16	0.436	0.283	0.301	0.215	0.142
DE009N0:DE066N0	0.505	1	2	1	1	1	1	2	2	3	1	1	3	2	3	1.0	0.358	0.259	0.441	0.05	0.217	0.221	0.56	0.24	0.706	0.766	0.149	0.267	0.295
DE009N0:DE068N0	0.547	1	2	1	1	2	2	2	1	2	4	3	2	2	4	0.814	0.231	0.218	0.732	0.492	0.449	0.221	0.292	0.44	0.239	0.234	0.509	0.571	0.142
DE009N0:DE077N0	0.419	0	2	1	1	2	1	3	1	2	4	2	2	2	3	0.0	0.313	0.741	0.155	0.449	0.217	0.221	0.102	0.608	0.169	0.309	0.317	0.543	0.127
DE009N0:DE133C0	0.52	1	2	2	2	3	1	3	1	3	2	1	3	2	3	0.529	0.313	0.681	0.441	0.368	0.217	0.221	0.44	0.608	0.293	0.619	0.225	0.233	0.398
DE009N0:DE135C0	0.445	2	1	2	2	1	1	1	2	1	3	2	3	2	2	0.546	0.32	0.25	0.324	0.95	0.391	0.064	0.56	0.304	0.18	0.234	0.13	0.322	0.298
DE009N0:DE141C0	0.454	0	2	1	2	1	2	2	1	2	2	1	2	2	2	0.0	0.358	0.13	0.559	0.95	0.449	0.444	0.44	0.34	0.293	0.159	0.391	0.103	0.3
DE009N0:DE150C0	0.433	2	2	1	1	2	2	2	1	2	2	1	1	3	3	0.471	0.358	0.06	0.305	0.309	0.449	0.444	0.56	0.532	0.413	0.147	0.118	0.328	0.142
DE009N0:DE165C0	0.608	1	1	1	1	2	2	2	2	3	4	3	3	4	3	0.223	0.642	0.1	0.559	0.487	0.217	0.666	0.56	0.353	0.18	0.337	0.248	0.241	0.506
DE009N0:DE166C0	0.54	1	1	1	1	1	2	3	1	2	2	2	3	3	1	1.0	0.328	0.123	0.292	0.736	0.334	0.179	0.56	0.608	0.293	0.519	0.362	0.379	0.459
DE009N0:DE194C0	0.594	2	2	1	1	1	1	3	1	1	2	1	3	2	2	0.397	0.358	0.741	0.342	0.95	0.666	0.243	0.56	0.295	0.293	0.619	0.221	0.854	0.459
DE009N0:DE205C0	0.529	1	1	2	1	2	2	3	1	4	3	2	2	3	1	0.882	0.247	0.405	0.277	0.857	0.219	0.249	0.15	0.245	0.293	0.619	0.13	0.704	0.361
DE009N0:DE216C0	0.43	1	2	1	2	1	3	3	1	3	2	2	2	2	2	0.766	0.353	0.075	0.441	0.373	0.276	0.221	0.198	0.179	0.413	0.376	0.171	0.443	0.383
DE009N0:DE221C0	0.545	0	2	2	1	2	2	3	2	2	2	2	2	2	3	0.0	0.358	0.372	0.394	0.559	0.449	0.122	0.46	0.392	0.293	0.292	0.362	0.59	0.158
DE009N0:DE233C0	0.412	1	1	2	1	1	1	3	1	3	2	2	2	1	2	1.0	0.328	0.741	0.441	0.05	0.217	0.221	0.44	0.492	0.293	0.457	0.082	0.186	0.296
DE009N0:DE239C0	0.549	1	1	1	2	2	2	3	1	1	2	2	3	2	2	1.0	0.452	0.452	0.159	0.827	0.449	0.221	0.56	0.383	0.293	0.25	0.362	0.191	0.617
DE009N0:DE241C0	0.448	1	1	1	1	1	2	2	2	2	2	3	3	1	2	1.0	0.313	0.595	0.441	0.246	0.449	0.221	0.44	0.088	0.293	0.406	0.362	0.083	0.189
DE009N0:DE267C0	0.382	0	2	2	2	2	2	3	1	2	3	1	2	3	2	0.0	0.313	0.681	0.312	0.317	0.334	0.202	0.233	0.196	0.212	0.382	0.13	0.092	0.445
DE009N0:DE274C0	0.468	1	2	2	1	1	2	3	2	3	2	2	2	3	2	0.57	0.334	0.431	0.559	0.677	0.202	0.221	0.44	0.145	0.142	0.234	0.245	0.233	0.383
DE009N0:DE317C0	0.617	1	2	2	1	2	2	3	3	1	3	2	4	2	2	0.405	0.358	0.259	0.099	0.881	0.449	0.274	0.367	0.392	0.173	0.234	0.322	0.648	0.617
DE009N0:DE327C0	0.488	1	2	0	1	1	3	1	2	2	3	2	3	3	3	1.0	0.358	0.0	0.559	0.95	0.334	0.212	0.56	0.145	0.29	0.146	0.159	0.394	0.171
DE009N0:DE366C0	0.543	1	1	1	1	2	1	3	2	2	3	2	2	3	2	0.623	0.191	0.741	0.559	0.605	0.666	0.357	0.458	0.608	0.293	0.619	0.13	0.271	0.142
DE009N0:MKK2835.2G/	0.686	1	2	1	1	1	2	2	1	1	3	2	3	2	3	1.0	0.358	0.741	0.559	0.95	0.449	0.444	0.44	0.304	0.288	0.234	0.362	0.854	0.398
DE009N0:NHP1337.12C/	0.314	0	1	1	1	1	1	3	1	2	2	1	2	1	2	0.0	0.328	0.259	0.441	0.05	0.217	0.221	0.56	0.608	0.293	0.619	0.13	0.083	0.142
DE010N0:DE018N0	0.637	2	2	2	2	2	2	3	1	2	2	1	2	2	2	0.331	0.541	0.439	0.42	0.296	0.339	0.42	0.655	0.497	0.464	0.528	0.393	0.716	0.562
DE010N0:DE027N0	0.496	1	2	1	1	1	2	2	1	2	2	1	4	1	1	0.669	0.264	0.165	0.58	0.13	0.36	0.48	0.462	0.416	0.485	0.365	0.37	0.538	0.321
DE010N0:DE032N0	0.541	2	1	1	2	2	2	2	1	2	1	1	3	1	2	0.325	0.459	0.561	0.42	0.248	0.447	0.203	0.462	0.235	0.574	0.924	0.37	0.861	0.132
DE010N0:DE034N0	0.513	2	1	1	1	2	1	1	2	2	2	2	3	3	1	0.344	0.541	0.413	1.0	0.294	0.36	0.242	0.462	0.497	0.301	0.4	0.341	0.284	0.142
DE010N0:DE039N0	0.419	2	1	2	1	1	1	2	1	2	2	2	2	3	2	0.344	0.541	0.561	0.58	0.13	0.36	0.338	0.462	0.235	0.254	0.094	0.133	0.435	0.244
DE010N0:DE041N0	0.43	1	1	1	2	1	1	3	1	1	2	1	2	4	2	0.325	0.541	0.294	0.26	0.118	0.64	0.338	0.538	0.139	0.301	0.14	0.45	0.277	0.314
DE010N0:DE043N0	0.457	1	2	2	2	1	1	2	1	2	2	2	2	2	1	0.331	0.541	0.439	0.212	0.13	0.26	0.182	0.219	0.497	0.301	0.516	0.453	0.394	0.369
DE010N0:DE044N0	0.489	1	2	1	2	2	1	3	1	2	2	2	4	1	3	0.325	0.292	0.223	0.42	0.118	0.64	0.174	0.429	0.497	0.301	0.392	0.248	0.538	0.246
DE010N0:DE048N0	0.476	1	1	1	3	2	1	3	1	2	2	2	3	3	2	0.325	0.459	0.439	0.453	0.451	0.36	0.338	0.08	0.235	0.165	0.412	0.334	0.218	0.438
DE010N0:DE064N0	0.47	2	1	2	1	1	2	3	2	1	3	3	3	3	1	0.331	0.541	0.439	0.58	0.118	0.36	0.338	0.538	0.497	0.301	0.13	0.334	0.245	0.178
DE010N0:DE065N0	0.606	1	1	1	2	2	2	2	2	2	2	2	4	3	1	0.325	0.459	0.439	0.42	0.752	0.36	0.52	0.538	0.267	0.574	0.215	0.149	0.381	0.562
DE010N0:DE066N0	0.453	2	1	1	1	2	1	2	1	2	2	2	2	3	2	0.344	0.541	0.439	0.42	0.791	0.64	0.52	0.313	0.503	0.151	0.135	0.215	0.145	0.295
DE010N0:DE068N0	0.654	2	1	2	1	2	2	2	1	2	3	2	2	2	2	0.331	0.158	0.477	0.732	0.211	0.36	0.52	0.708	0.497	0.35	0.603	0.453	0.537	0.448
DE010N0:DE077N0	0.565	1	1	1	1	1	1	3	2	2	2	3	2	2	3	0.325	0.272	0.561	0.133	0.252	0.64	0.42	0.462	0.497	0.638	0.25	0.276	0.716	0.159
DE010N0:DE133C0	0.468	2	1	1	2	1	1	2	1	3	1	1	3	3	2	0.331	0.071	0.242	0.42	0.359	0.64	0.42	0.538	0.235	0.574	0.076	0.225	0.337	0.438
DE010N0:DE135C0	0.5	2	1	2	2	1	2	3	1	1	2	1	3	1	1	0.454	0.459	0.501	0.303	0.118	0.582	0.187	0.239	0.267	0.301	0.599	0.37	0.145	0.839
DE010N0:DE141C0	0.52	1	1	2	2	1	1	2	1	1	1	1	2	3	2	0.325	0.541	0.439	0.58	0.118	0.36	0.06	0.538	0.497	0.574	0.832	0.467	0.145	0.392
DE010N0:DE150C0	0.51	2	2	2	1	1	2	2	1	1	2	2	2	1	1	0.529	0.541	0.439	0.326	0.641	0.424	0.338	0.462	0.235	0.301	0.741	0.249	0.348	0.448
DE010N0:DE165C0	0.583	2	1	2	1	2	2	3	1	3	2	3	2	4	2	0.325	0.133	0.439	0.58	0.513	0.64	0.338	0.177	0.26	0.385	0.229	0.533	0.346	0.438
DE010N0:DE166C0	0.559	2	1	2	1	1	1	2	1	2	1	2	3	1	2	0.344	0.459	0.439	0.314	0.13	0.149	0.338	0.462	0.497	0.574	0.405	0.199	0.777	0.626
DE010N0:DE194C0	0.502	3	1	1	1	1	2	2	1	1	1	1	2	2	2	0.344	0.541	0.561	0.342	0.118	0.506	0.199	0.462	0.267	0.574	0.076	0.311	0.394	0.562
DE010N0:DE205C0	0.456	2	2	0	1	2	2	2	2	4	2	1	2	3	1	0.331	0.183	0.0	0.298	0.143	0.64	0.48	0.538	0.169	0.314	0.085	0.37	0.394	0.339
DE010N0:DE216C0	0.522	2	1	2	2	2	2	2	2	3	2	2	1	4	1	0.344	0.308	0.439	0.42	0.328	0.276	0.42	0.462	0.497	0.301	0.351	0.586	0.236	0.302
DE010N0:DE221C0	0.439	1	2	1	1	2	2	2	2	2	1	2	2	2	2	0.325	0.459	0.628	0.416	0.441	0.424	0.3	0.167	0.138	0.574	0.632	0.082	0.268	0.114
DE010N0:DE233C0	0.59	2	1	1	1	2	1	2	1	2	1	2	2	1	1	0.344	0.459	0.461	0.42	0.752	0.64	0.48	0.538	0.268	0.574	0.543	0.215	0.322	0.836
DE010N0:DE239C0	0.498	2	2	2	2	2	1	2	1	2	1	2	3	2	1	0.344	0.19	0.561	0.138	0.173	0.36	0.42	0.462	0.267	0.574	0.515	0.186	0.55	0.438
DE010N0:DE241C0	0.514	2	1	1	1	2	1	3	2	2	2	2	3	2	1	0.344	0.215	0.783	0.42	0.455	0.36	0.42	0.26	0.327	0.459	0.436	0.334	0.302	0.457
DE010N0:DE267C0	0.452	1	1	1	1	3	2	2	2	2	3	3	2	2	2	0.325	0.286	0.242	0.312	0.241	0.163	0.338	0.647	0.497	0.301	0.206	0.37	0.251	0.266
DE010N0:DE274C0	0.53	2	2	0	1	1	1	2	1	2	2	1	1	2	2	0.344	0.459	0.0	0.58	0.13	0.797	0.42	0.407	0.527	0.441	0.924	0.082	0.363	0.317
DE010N0:DE317C0	0.515	2	1	1	1	2	1	3	2	2	2	1	3	2	1	0.331	0.541	0.186	0.077	0.119	0.36	0.338	0.137	0.267	0.728	0.924	0.334	0.377	0.438
DE010N0:DE327C0	0.564	2	1	2	1	1	2	3	1	2	2	2	3	3	2	0.344	0.541	0.439	0.58	0.118	0.276	0.24	0.279	0.267	0.301	0.576	0.37	0.343	0.562
DE010N0:DE366C0	0.457	1	3	1	1	2	2	2	1	2	2	1	2	1	1	0.331	0.197	0.561	0.58	0.395	0.517	0.084	0.08	0.497	0.335	0.093	0.37	0.464	0.562
DE010N0:MKK2835.2G/	0.49	2	1	1	1	1	1	2	1	1	2	1	3	2	1	0.344	0.541	0.561	0.58	0.118	0.36	0.338	0.538	0.267	0.301	0.924	0.334	0.394	0.438
DE010N0:NHP1337.12C/	0.51	1	1	1	1	2	1	2	1	2	1	1	2	2	1	0.325	0.459	0.439	0.42	0.752	0.64	0.42	0.462	0.497	0.574	0.076	0.37	0.322	0.562
DE018N0:DE027N0	0.53	1	1	1	1	1	1	2	1	2	1	2	3	1	2	0.12	0.723	0.132	0.273	0.704	0.569	0.435	0.076	0.416	1.0	0.441	0.154	0.412	0.588
DE018N0:DE032N0	0.481	0	1	1	2	2	3	1	1	2	1	1	2	1	3	0.0	0.251	0.265	0.727	0.581	0.225	0.598	0.076	0.081	0.77	0.604	0.345	0.683	0.134
DE018N0:DE034N0	0.458	1	1	1	2	2	1	1	2	2	1	1	3	3	2	0.782	0.749	0.117	0.42	0.265	0.498	0.309	0.239	0.593	0.235	0.441	0.427	0.227	0.095
DE018N0:DE039N0	0.42	1	1	2	1	1	1	1	1	1	2	1	2	4	2	0.782	0.749	0.357	0.273	0.704	0.498	0.186	0.076	0.325	0.166	0.321	0.573	0.121	0.131
DE018N0:DE041N0	0.501	1	1	0	1	1	2	2	2	2	0	2	3	3	3	0.218	0.749	0.0	0.143	0.439	0.339	0.217	0.58	0.235	0.0	0.396	0.504	0.271	0.314
DE018N0:DE043N0	0.483	2	1	1	2	1	1	1	3	1	1	2	2	1	1	0.638	1.0	0.906	0.519	0.704	0.163	0.54	0.345	0.593	0.235	0.15	0.223	0.672	0.171
DE018N0:DE044N0	0.478	1	3	1	2	2	2	1	2	1	0	3	4	1	3	0.218	0.292	0.073	0.567	0.439	0.339	0.355	0.471	0.752	0.0	0.357	0.203	0.436	0.171
DE018N0:DE048N0	0.344	1	1	1	3	1	1	2	2	1	2	0	2	2	2	0.218	0.251	0.735	0.273	0.265	0.498	0.246	0.345	0.302	0.235	0.0	0.089	0.502	0.114
DE018N0:DE064N0	0.501	2	1	2	1	1	2	2	2	2	1	2	2	2	3	0.58	0.749	0.653	0.273	0.439	0.418	0.186	0.58	0.593	0.412	0.281	0.273	0.245	0.124
DE018N0:DE065N0	0.711	1	1	1	2	2	1	2	1	2	1	1	2	2	1	0.218	0.251	0.735	0.727	0.296	0.837	0.696	0.58	0.407	0.637	0.63	0.427	0.381	1.0
DE018N0:DE066N0	0.442	1	1	1	1	2	2	2	2	2	1	1	3	2	3	0.782	0.75	0.735	0.727	0.296	0.339	0.619	0.133	0.182	0.452	0.261	0.443	0.084	0.158
DE018N0:DE068N0	0.656	1	2	2	1	1	2	2	3	2	2	2	2	1	2	1.0	0.165	0.523	0.427	0.227	0.498	0.64	0.53	0.593	0.455	0.604	0.223	0.755	0.62
DE018N0:DE077N0	0.591	1	1	1	1	2	2	1	2	1	2	2	3	1	2	0.218	0.48	0.265	0.441	0.203	0.339	1.0	0.458	0.593	0.371	0.204	0.356	1.0	0.426
DE018N0:DE133C0	0.591	2	1	1	1	2	2	1	2	2	1	1	2	2	2	0.529	0.137	0.054	1.0	0.544	0.339	0.814	0.58	0.313	0.765	0.396	0.504	0.379	0.114
DE018N0:DE135C0	0.487	2	1	2	1	1	3	2	2	1	1	2	2	0	2	0.546	0.251	0.286	0.744	0.439	0.339	0.581	0.133	0.407	0.15	0.604	0.402	0.0	0.597
DE018N0:DE141C0	0.558	1	1	1	2	1	1	1	2	2	1	2	2	2	2	0.218	0.749	0.87	0.273	0.439	0.498	0.098	0.58	0.593	0.765	0.528	0.21	0.118	0.392
DE018N0:DE150C0	0.393	2	2	2	0	2	2	1	1	1	0	1	3	1	2	0.373	0.612	0.681	0.0	0.143	0.412	0.186	0.076	0.125	0.0	0.345	0.319	0.219	0.714
DE018N0:DE165C0	0.435	2	1	2	1	2	1	2	2	1	2	3	4	3	2	0.223	0.075	0.641	0.273	0.296	0.339	0.227	0.285	0.26	0.15	0.305	0.154	0.346	0.19
DE018N0:DE166C0	0.543	1	1	2	0	2	1	2	1	1	1	2	3	1	3	0.782	0.251	0.618	0.0	0.439	0.661	0.345	0.076	0.593	0.765	0.481	0.273	0.632	0.2
DE018N0:DE194C0	0.561	2	1	1	2	1	2	1	1	1	1	1	3	1	2	0.255	0.749	0.265	0.273	0.439	0.339	0.536	0.076	0.407	0.765	0.396	0.289	0.672	0.646
DE018N0:DE205C0	0.578	2	1	1	0	2	2	2	2	3	2	2	2	2	3	0.782	0.339	0.33	0.0	0.439	0.339	0.407	0.58	0.147	0.615	0.396	0.504	0.672	0.339
DE018N0:DE216C0	0.588	1	1	1	2	2	3	1	2	1	0	2	1	3	2	0.548	0.101	0.925	0.727	0.265	0.278	0.814	0.362	0.864	0.0	0.395	0.727	0.23	0.569
DE018N0:DE221C0	0.529	1	2	2	1	2	2	1	2	3	1	2	3	2	3	0.218	0.453	0.265	0.108	0.296	0.412	0.694	0.42	0.128	0.765	0.604	0.328	0.262	0.146
DE018N0:DE233C0	0.554	1	1	1	1	2	2	2	2	2	1	2	1	2	2	0.782	0.251	0.164	0.727	0.296	0.339	0.452	0.58	0.268	0.77	0.228	0.573	0.328	0.597
DE018N0:DE239C0	0.436	1	1	2	2	2	1	1	1	2	1	1	3	1	1	0.782	0.189	0.289	0.445	0.439	0.498	0.814	0.076	0.407	0.765	0.119	0.273	0.55	0.077
DE018N0:DE241C0	0.634	1	1	1	1	1	1	2	3	2	1	2	2	1	3	0.782	0.423	0.405	0.727	0.265	0.498	0.76	0.345	0.407	1.0	0.733	0.273	0.302	0.457
DE018N0:DE267C0	0.466	1	1	1	2	3	1	2	2	1	2	2	2	2	2	0.218	0.494	0.054	0.171	0.265	0.18	0.191	0.302	1.0	0.235	0.473	0.504	0.257	0.204
DE018N0:DE274C0	0.572	1	2	1	1	1	2	1	2	3	1	1	3	2	2	0.352	0.251	0.304	0.273	0.704	0.482	0.814	0.449	0.407	0.331	0.604	0.314	0.25	0.497
DE018N0:DE317C0	0.454	2	1	1	1	2	1	3	2	2	1	1	1	1	1	0.405	0.749	0.483	0.384	0.439	0.498	0.217	0.42	0.407	0.737	0.604	0.321	0.377	0.077
DE018N0:DE327C0	0.57	1	1	1	1	1	2	2	2	2	1	2	2	2	1	0.782	0.749	1.0	0.273	0.439	0.112	0.539	0.133	0.407	0.235	0.472	0.345	0.337	0.905
DE018N0:DE366C0	0.613	2	2	1	1	2	2	1	2	1	2	2	2	2	2	0.623	0.245	0.265	0.273	0.34	0.339	0.236	0.345	0.593	0.636	0.396	0.504	0.464	0.829
DE018N0:MKK2835.2G/	0.427	1	1	1	1	1	1	1	2	1	1	1	2	1	1	0.782	0.749	0.265	0.273	0.439	0.498	0.186	0.58	0.407	0.235	0.604	0.273	0.672	0.077
DE018N0:NHP1337.12C/	0.573	1	1	1	1	2	2	1	1	1	1	1	2	1	2	0.218	0.251	0.735	0.727	0.296	0.339	0.814	0.076	0.593	0.765	0.396	0.504	0.328	0.829
DE027N0:DE032N0	0.619	2	2	1	1	3	3	1	1	2	1	1	2	2	3	0.662	0.277	0.603	0.166	0.43	0.389	0.218	1.0	0.584	0.786	0.441	0.615	0.387	0.306
DE027N0:DE034N0	0.544	1	1	2	1	2	2	1	1	2	1	1	2	3	2	0.338	0.468	0.603	0.58	0.458	0.639	0.071	0.761	0.416	0.214	0.6	0.336	0.292	0.264
DE027N0:DE039N0	0.58	1	1	1	1	1	2	1	1	2	2	2	2	3	3	0.338	0.468	0.247	1.0	1.0	0.639	0.565	1.0	0.458	0.166	0.321	0.116	0.39	0.241
DE027N0:DE041N0	0.526	1	1	2	1	1	1	2	0	2	0	2	2	3	2	0.662	0.468	0.603	0.537	0.727	0.094	0.565	0.0	0.234	0.0	0.559	0.5	0.503	0.52
DE027N0:DE043N0	0.443	0	1	2	1	1	1	1	2	2	1	1	2	1	2	0.0	0.723	0.138	0.102	1.0	0.267	0.16	0.239	0.458	0.214	0.15	0.468	0.74	0.241
DE027N0:DE044N0	0.499	1	4	2	1	1	1	2	1	3	0	2	2	1	3	0.662	0.191	0.603	0.091	0.664	0.094	0.189	0.109	0.416	0.0	0.357	0.484	1.0	0.14
DE027N0:DE048N0	0.485	1	2	1	2	2	2	2	1	2	2	1	3	2	1	0.662	0.277	0.397	0.453	0.301	0.639	0.565	0.458	0.458	0.214	0.148	0.362	0.242	0.127
DE027N0:DE064N0	0.519	1	1	0	1	1	3	2	1	2	1	1	2	2	3	0.082	0.468	0.0	1.0	0.727	0.582	0.565	0.051	0.416	0.412	0.553	0.217	0.29	0.295
DE027N0:DE065N0	0.525	1	2	1	1	1	1	2	1	2	1	2	2	3	1	0.662	0.277	0.397	0.115	0.273	0.733	0.435	0.312	0.232	0.658	0.416	0.314	0.26	0.759
DE027N0:DE066N0	0.43	1	1	1	0	1	1	2	1	3	2	1	3	2	3	0.338	0.468	0.397	0.0	0.209	0.094	0.435	0.851	0.24	0.452	0.423	0.212	0.267	0.241
DE027N0:DE068N0	0.587	1	3	1	1	2	2	2	1	2	2	2	3	3	3	0.152	0.277	0.081	0.305	0.296	0.639	0.435	0.179	0.416	0.455	0.441	0.427	0.456	0.494
DE027N0:DE077N0	0.525	1	1	1	1	2	1	2	1	2	2	3	2	1	2	0.662	0.745	0.603	0.286	0.5	0.094	0.435	0.542	0.458	0.371	0.204	0.341	0.431	0.474
DE027N0:DE133C0	0.367	1	2	2	1	1	1	1	0	3	1	1	2	1	1	0.133	0.277	0.603	0.254	0.544	0.094	0.435	0.0	0.458	0.786	0.559	0.39	0.118	0.127
DE027N0:DE135C0	0.502	1	2	2	2	1	2	2	1	1	1	2	2	2	2	0.454	0.277	0.205	0.181	0.727	0.142	0.202	0.777	0.126	0.171	0.471	0.615	0.322	0.357
DE027N0:DE141C0	0.533	1	1	2	1	1	2	1	0	2	1	2	3	2	2	0.662	0.468	0.18	0.741	0.727	0.639	0.281	0.0	0.416	0.786	0.365	0.615	0.26	0.242
DE027N0:DE150C0	0.56	2	2	1	1	2	2	1	1	2	0	1	2	2	2	0.338	0.335	0.077	0.746	0.359	0.576	0.565	1.0	0.458	0.0	0.182	0.329	0.488	0.759
DE027N0:DE165C0	0.483	1	2	0	1	1	2	2	1	3	2	3	2	3	2	0.439	0.277	0.0	1.0	0.214	0.194	0.565	0.715	0.353	0.171	0.305	0.395	0.241	0.241
DE027N0:DE166C0	0.619	1	2	0	1	2	2	2	1	2	1	1	1	2	1	0.338	0.277	0.0	0.733	0.727	0.428	0.513	1.0	0.458	0.786	0.891	0.274	0.663	0.198
DE027N0:DE194C0	0.555	2	1	1	2	1	2	1	1	1	1	1	3	1	1	0.348	0.468	0.603	0.422	0.727	0.494	0.199	1.0	0.126	0.786	0.559	0.206	0.74	0.405
DE027N0:DE205C0	0.625	1	2	2	1	1	2	1	1	4	2	2	2	2	2	0.221	0.394	0.405	0.718	0.584	0.219	1.0	0.291	0.158	0.615	0.559	0.615	0.589	0.449
DE027N0:DE216C0	0.583	2	2	2	1	2	2	1	1	2	0	1	3	2	1	0.338	0.277	0.176	0.157	0.424	0.276	0.435	0.638	0.416	0.0	0.874	0.464	0.443	1.0
DE027N0:DE221C0	0.543	1	2	2	1	1	2	1	1	2	1	2	2	3	3	0.662	0.255	0.372	0.835	0.286	0.576	0.314	0.605	0.486	0.786	0.441	0.057	0.59	0.174
DE027N0:DE233C0	0.429	1	2	2	0	1	1	1	0	2	1	1	3	1	2	0.338	0.277	0.603	0.0	0.273	0.094	1.0	0.0	0.584	0.786	0.228	0.279	0.232	0.357
DE027N0:DE239C0	0.438	1	2	1	2	1	2	1	1	2	1	0	1	2	1	0.338	0.277	0.315	0.282	0.554	0.639	0.435	1.0	0.134	0.786	0.0	0.274	0.319	0.241
DE027N0:DE241C0	0.529	1	1	2	0	2	2	2	1	2	1	3	2	1	2	0.338	0.745	0.217	0.0	0.296	0.639	0.435	0.198	0.327	1.0	0.297	0.217	0.26	0.487
DE027N0:DE267C0	0.507	1	1	2	2	2	3	1	2	2	2	2	2	1	2	0.662	0.745	0.603	0.383	0.317	0.267	0.726	0.44	0.416	0.214	0.416	0.615	0.071	0.171
DE027N0:DE274C0	0.535	2	2	2	1	1	2	1	1	2	1	1	3	2	1	0.43	0.277	0.431	1.0	1.0	0.279	0.435	0.131	0.178	0.352	0.441	0.117	0.502	0.742
DE027N0:DE317C0	0.573	1	1	2	1	1	2	2	2	2	2	1	4	2	1	0.257	0.468	0.397	0.343	0.608	0.639	0.726	0.356	0.126	0.465	0.441	0.217	0.648	0.241
DE027N0:DE327C0	0.588	1	1	1	1	1	2	2	1	2	1	2	2	3	1	0.338	0.468	0.18	1.0	0.727	0.276	0.24	0.817	0.247	0.214	0.31	0.615	0.394	0.588
DE027N0:DE366C0	0.635	0	3	1	1	1	2	1	1	2	2	2	2	4	1	0.0	0.277	0.603	1.0	0.332	0.483	0.144	0.458	0.458	0.636	0.559	0.615	0.271	0.759
DE027N0:MKK2835.2G/	0.462	1	1	1	1	1	2	1	0	1	1	1	2	1	1	0.338	0.468	0.603	1.0	0.727	0.639	0.565	0.0	0.126	0.214	0.441	0.217	0.74	0.241
DE027N0:NHP1337.12C/	0.538	1	2	1	0	1	1	1	1	2	1	1	2	1	1	0.662	0.277	0.397	0.0	0.273	0.094	0.435	1.0	0.458	0.786	0.559	0.615	0.26	0.759
DE032N0:DE034N0	0.59	1	0	1	2	3	2	2	1	2	0	2	1	2	2	0.188	0.0	0.852	0.42	0.162	0.433	0.494	0.761	0.32	0.0	0.441	0.401	0.447	0.619
DE032N0:DE039N0	0.495	1	0	1	1	3	2	1	1	2	2	1	1	3	3	0.188	0.0	0.643	0.166	0.43	0.433	0.217	1.0	0.488	0.292	0.094	0.342	0.321	0.319
DE032N0:DE041N0	0.387	1	0	1	2	2	2	0	0	2	1	1	1	3	4	0.812	0.0	0.732	0.154	0.574	0.12	0.0	0.0	0.284	0.24	0.216	0.725	0.302	0.205
DE032N0:DE043N0	0.487	1	1	1	2	3	2	2	2	2	0	2	1	1	3	0.173	0.235	0.165	0.626	0.43	0.26	0.725	0.239	0.488	0.0	0.516	0.468	0.387	0.319
DE032N0:DE044N0	0.552	1	3	1	2	2	2	2	1	3	1	2	2	2	5	0.812	0.189	0.662	0.567	0.574	0.12	0.601	0.109	0.248	0.264	0.392	0.385	0.387	0.132
DE032N0:DE048N0	0.429	1	1	0	3	2	2	0	1	2	1	1	2	2	2	0.812	1.0	0.0	0.182	0.154	0.433	0.0	0.458	0.488	0.136	0.412	0.362	0.185	0.314
DE032N0:DE064N0	0.41	1	0	1	1	2	2	1	1	2	1	2	1	3	3	0.231	0.0	0.347	0.166	0.574	0.389	0.112	0.051	0.282	0.189	0.13	0.159	0.317	0.389
DE032N0:DE065N0	0.556	1	1	0	2	2	3	1	1	2	1	1	2	2	2	0.812	1.0	0.0	0.834	0.142	0.389	0.479	0.312	0.28	0.872	0.215	0.54	0.55	0.306
DE032N0:DE066N0	0.407	1	0	0	1	2	2	1	1	3	2	1	2	2	2	0.188	0.0	0.0	0.834	0.142	0.12	0.402	0.851	0.33	0.452	0.135	0.284	0.233	0.319
DE032N0:DE068N0	0.52	0	2	1	2	2	2	1	1	2	1	2	3	2	3	0.0	0.585	0.477	0.427	0.362	0.553	0.424	0.179	0.32	0.511	0.679	0.427	0.505	0.114
DE032N0:DE077N0	0.507	1	1	1	1	2	2	1	1	2	1	2	2	1	2	0.812	0.269	1.0	0.548	0.203	0.12	0.598	0.542	0.488	0.441	0.25	0.341	0.683	0.182
DE032N0:DE133C0	0.494	1	1	1	2	2	2	1	0	3	1	0	1	2	2	0.282	0.612	0.681	0.746	0.368	0.12	0.783	0.0	0.488	1.0	0.0	0.616	0.297	0.314
DE032N0:DE135C0	0.559	2	1	2	1	2	2	1	1	1	1	1	2	1	3	0.188	1.0	0.501	0.563	0.574	0.172	0.871	0.777	0.438	0.292	0.675	0.841	0.313	0.161
DE032N0:DE141C0	0.538	1	0	1	2	2	2	2	0	2	1	1	2	3	2	0.812	0.0	0.087	0.259	0.574	0.433	0.284	0.0	0.221	1.0	0.757	0.706	0.317	0.276
DE032N0:DE150C0	0.509	2	1	1	1	3	3	1	1	1	1	1	2	1	3	0.188	0.388	0.319	0.088	0.273	0.389	0.217	1.0	0.926	0.256	0.741	0.329	0.488	0.306
DE032N0:DE165C0	0.467	1	1	1	1	2	3	0	1	3	1	3	2	2	2	0.589	0.674	0.359	0.166	0.358	0.194	0.0	0.715	0.353	0.216	0.305	0.395	0.346	0.381
DE032N0:DE166C0	0.548	1	1	1	1	3	2	2	1	2	1	2	0	1	2	0.188	1.0	0.382	0.101	0.49	0.433	0.271	1.0	0.488	1.0	0.481	0.0	0.916	0.122
DE032N0:DE194C0	0.442	2	0	1	2	2	2	2	1	1	1	0	2	1	1	0.348	0.0	1.0	0.236	0.574	0.389	0.337	1.0	0.438	1.0	0.0	0.206	0.387	0.062
DE032N0:DE205C0	0.458	1	2	1	1	1	3	1	1	4	1	1	1	2	2	0.071	0.358	0.405	0.116	0.574	0.219	0.19	0.291	0.365	0.708	0.161	0.841	0.384	0.306
DE032N0:DE216C0	0.574	2	1	1	1	3	3	1	1	3	1	1	2	3	3	0.234	0.85	0.146	1.0	0.154	0.286	0.783	0.638	0.136	0.24	0.351	0.464	0.261	0.356
DE032N0:DE221C0	0.606	1	1	2	0	2	3	2	1	2	1	2	1	2	3	0.815	0.547	0.523	0.0	0.43	0.389	0.783	0.605	0.775	1.0	0.708	0.169	0.293	0.204
DE032N0:DE233C0	0.537	1	1	1	1	2	2	1	0	2	1	2	2	3	3	0.188	1.0	0.899	0.834	0.142	0.12	0.235	0.0	0.732	1.0	0.543	0.337	0.297	0.164
DE032N0:DE239C0	0.638	1	2	1	2	1	2	1	1	2	1	1	0	3	2	0.188	0.731	0.711	0.552	0.574	0.433	0.783	1.0	0.378	1.0	0.515	0.0	0.297	0.319
DE032N0:DE241C0	0.487	1	1	1	1	2	2	1	1	2	1	3	1	2	3	0.188	0.327	0.379	0.834	0.154	0.433	0.543	0.198	0.185	0.76	0.436	0.159	0.317	0.397
DE032N0:DE267C0	0.435	1	1	1	1	3	2	2	2	2	1	2	1	2	2	0.812	0.255	0.681	0.171	0.262	0.492	0.217	0.44	0.107	0.059	0.206	0.841	0.226	0.314
DE032N0:DE274C0	0.504	2	1	1	1	3	2	1	1	2	1	1	2	2	2	0.43	0.874	0.431	0.166	0.43	0.279	0.783	0.131	0.089	0.566	1.0	0.155	0.502	0.245
DE032N0:DE317C0	0.562	1	0	1	1	1	2	1	2	1	1	1	3	1	2	0.407	0.0	0.253	0.491	0.574	0.433	0.195	0.356	0.512	0.465	1.0	0.198	0.729	0.319
DE032N0:DE327C0	0.508	1	0	1	1	2	3	1	1	2	0	1	1	1	2	0.188	0.0	0.217	0.166	0.574	0.281	0.76	0.817	0.264	0.0	0.576	1.0	0.862	0.134
DE032N0:DE366C0	0.536	1	3	1	1	2	2	2	1	2	1	1	1	2	2	0.188	0.367	1.0	0.166	0.477	0.389	0.422	0.458	0.488	0.708	0.168	0.841	0.464	0.306
DE032N0:MKK2835.2G/	0.435	1	0	1	1	2	2	1	0	1	0	1	1	1	2	0.188	0.0	1.0	0.166	0.574	0.433	0.217	0.0	0.438	0.0	1.0	0.159	0.387	0.319
DE032N0:NHP1337.12C/	0.565	1	1	0	1	2	2	1	1	2	1	0	1	2	2	0.812	1.0	0.0	0.834	0.142	0.12	0.783	1.0	0.488	1.0	0.0	0.841	0.317	0.306
DE034N0:DE039N0	0.624	1	1	1	1	2	1	1	1	1	1	1	3	2	3	1.0	1.0	0.495	0.58	0.458	1.0	0.506	0.761	0.564	0.455	0.19	0.279	0.32	0.371
DE034N0:DE041N0	0.438	0	1	2	2	1	0	1	1	2	1	2	3	2	1	0.0	1.0	0.732	0.26	0.458	0.0	0.289	0.239	0.417	0.76	0.216	0.401	0.396	0.205
DE034N0:DE043N0	0.593	1	1	2	2	2	1	2	1	1	1	2	2	3	2	0.638	0.765	0.111	0.209	0.458	0.38	0.494	0.067	0.832	1.0	0.4	0.319	0.292	0.682
DE034N0:DE044N0	0.518	0	2	2	2	1	0	3	1	2	1	2	2	3	4	0.0	0.292	0.662	0.42	0.395	0.0	0.246	0.13	0.628	0.736	0.357	0.308	0.292	0.285
DE034N0:DE048N0	0.478	0	0	1	3	2	1	1	1	1	1	1	2	3	1	0.0	0.0	0.148	0.453	0.542	1.0	0.26	0.219	0.541	0.864	0.559	0.193	0.149	0.622
DE034N0:DE064N0	0.644	1	1	1	1	1	2	1	2	1	2	2	2	1	1	0.58	1.0	0.198	0.58	0.458	0.582	0.375	0.239	1.0	0.588	0.268	0.279	0.743	1.0
DE034N0:DE065N0	0.362	0	0	1	2	1	1	1	2	2	1	1	1	4	1	0.0	0.0	0.148	0.42	0.542	0.661	0.19	0.312	0.232	0.128	0.071	0.681	0.186	0.279
DE034N0:DE066N0	0.393	1	1	1	1	1	0	1	1	2	1	2	3	3	2	1.0	1.0	0.148	0.42	0.542	0.0	0.113	0.612	0.182	0.272	0.159	0.126	0.296	0.387
DE034N0:DE068N0	0.502	1	1	1	1	1	1	1	2	1	2	3	2	3	2	0.814	0.258	0.329	0.732	0.296	0.88	0.135	0.239	1.0	0.349	0.441	0.272	0.376	0.114
DE034N0:DE077N0	0.534	0	1	1	1	1	0	1	2	1	2	2	3	2	2	0.0	0.731	0.852	0.133	0.87	0.0	0.309	0.542	0.832	0.362	0.45	0.237	0.447	0.254
DE034N0:DE133C0	0.428	1	1	2	2	2	0	1	1	2	0	1	3	3	1	0.529	0.388	0.681	0.42	0.176	0.0	0.494	0.239	0.552	0.0	0.159	0.399	0.155	0.622
DE034N0:DE135C0	0.434	2	0	2	2	1	1	2	1	1	1	2	1	3	2	0.546	0.0	0.353	0.303	0.458	0.142	0.365	0.539	0.168	0.615	0.471	0.401	0.296	0.17
DE034N0:DE141C0	0.503	0	1	1	2	1	1	2	1	2	0	2	1	2	2	0.0	1.0	0.217	0.58	0.458	1.0	0.506	0.239	0.732	0.0	0.365	0.594	0.322	0.177
DE034N0:DE150C0	0.463	2	1	1	1	3	1	1	1	1	1	2	1	3	2	0.471	0.612	0.171	0.326	0.359	0.576	0.506	0.761	0.363	0.744	0.4	0.126	0.119	0.264
DE034N0:DE165C0	0.454	1	1	1	1	1	1	1	1	2	2	4	3	2	2	0.223	0.326	0.211	0.58	0.055	0.194	0.279	0.476	0.26	0.615	0.305	0.204	0.483	0.305
DE034N0:DE166C0	0.498	1	0	1	1	2	1	1	1	1	0	2	2	3	2	1.0	0.0	0.234	0.314	0.458	0.789	0.143	0.761	0.832	0.0	0.606	0.319	0.262	0.174
DE034N0:DE194C0	0.424	2	1	1	1	1	1	1	1	1	0	1	3	3	1	0.397	1.0	0.852	0.342	0.458	0.494	0.801	0.761	0.168	0.0	0.159	0.221	0.292	0.09
DE034N0:DE205C0	0.414	1	2	2	1	1	1	1	2	2	1	2	2	2	2	0.882	0.339	0.405	0.298	0.315	0.219	0.099	0.291	0.236	0.385	0.161	0.401	0.292	0.264
DE034N0:DE216C0	0.58	1	1	2	2	1	2	1	2	1	1	1	3	2	2	0.766	0.15	0.075	0.42	1.0	0.35	0.494	0.638	0.571	0.76	0.474	0.185	0.588	0.264
DE034N0:DE221C0	0.47	0	1	2	1	0	1	2	2	3	0	3	2	2	2	0.0	0.453	0.375	0.416	0.0	0.576	0.494	0.466	0.307	0.0	0.441	0.279	0.391	0.48
DE034N0:DE233C0	0.359	1	0	1	1	1	0	1	1	2	0	2	2	2	2	1.0	0.0	1.0	0.42	0.542	0.0	0.054	0.239	0.323	0.0	0.4	0.177	0.198	0.17
DE034N0:DE239C0	0.523	1	1	1	2	1	1	1	1	2	0	1	2	2	1	1.0	0.079	0.555	0.138	0.285	1.0	0.494	0.761	0.168	0.0	0.4	0.319	0.492	0.736
DE034N0:DE241C0	0.496	1	1	2	1	2	1	1	1	2	1	3	2	2	2	1.0	0.673	0.379	0.42	0.542	1.0	0.254	0.458	0.327	0.24	0.283	0.279	0.296	0.264
DE034N0:DE267C0	0.594	0	1	2	1	2	2	1	3	2	2	1	2	3	2	0.0	0.745	0.681	0.312	0.442	0.518	0.274	0.44	0.619	0.489	0.262	0.401	0.262	0.532
DE034N0:DE274C0	0.438	1	1	2	1	2	1	1	1	3	1	2	2	3	1	0.57	0.126	0.431	0.58	0.458	0.279	0.494	0.108	0.3	0.434	0.441	0.163	0.262	0.245
DE034N0:DE317C0	0.53	1	1	2	1	1	1	1	1	2	2	2	2	2	1	0.405	1.0	0.297	0.077	0.339	1.0	0.057	0.493	0.168	0.272	0.441	0.253	0.292	0.736
DE034N0:DE327C0	0.516	1	1	1	1	1	2	2	1	2	1	2	1	2	1	1.0	1.0	0.068	0.58	0.458	0.401	0.254	0.578	0.247	1.0	0.31	0.401	0.554	0.092
DE034N0:DE366C0	0.472	1	2	1	1	1	1	2	1	1	1	2	2	3	1	0.623	0.245	0.852	0.58	0.063	0.483	0.506	0.219	0.832	0.364	0.168	0.401	0.262	0.264
DE034N0:MKK2835.2G/	0.648	1	1	1	1	1	1	1	1	1	1	2	2	3	1	1.0	1.0	0.852	0.58	0.458	1.0	0.506	0.239	0.168	1.0	0.441	0.279	0.292	0.736
DE034N0:NHP1337.12C/	0.352	0	0	1	1	1	0	1	1	1	0	1	2	2	1	0.0	0.0	0.148	0.42	0.542	0.0	0.494	0.761	0.832	0.0	0.159	0.401	0.296	0.264
DE039N0:DE041N0	0.509	0	1	1	1	1	0	1	0	2	2	2	2	1	2	0.0	1.0	0.376	0.537	0.727	0.0	0.783	0.0	0.417	0.455	0.369	0.501	0.449	0.207
DE039N0:DE043N0	0.508	1	1	2	1	1	1	1	2	1	1	2	1	3	3	0.638	0.765	0.357	0.102	1.0	0.38	0.275	0.239	0.732	0.455	0.339	0.121	0.39	0.371
DE039N0:DE044N0	0.44	0	2	1	1	1	0	2	1	2	2	3	3	3	4	0.0	0.292	0.305	0.091	0.664	0.0	0.246	0.109	0.36	0.455	0.137	0.203	0.39	0.165
DE039N0:DE048N0	0.537	0	0	1	2	2	1	1	1	1	1	1	1	3	2	0.0	0.0	0.357	0.453	0.301	1.0	0.754	0.458	1.0	0.621	0.679	0.137	0.166	0.303
DE039N0:DE064N0	0.624	1	1	2	1	1	2	1	1	1	1	3	1	3	3	0.58	1.0	0.357	1.0	0.727	0.582	0.895	0.051	0.526	0.612	0.333	0.499	0.207	0.371
DE039N0:DE065N0	0.375	0	0	1	1	1	1	1	1	0	1	2	2	3	2	0.0	0.0	0.357	0.115	0.273	0.661	0.304	0.312	0.0	0.379	0.37	0.416	0.321	0.194
DE039N0:DE066N0	0.55	1	1	1	0	1	0	1	1	2	3	2	2	3	2	1.0	1.0	0.357	0.0	0.209	0.0	0.381	0.851	0.24	0.276	0.584	0.443	0.338	0.437
DE039N0:DE068N0	0.384	1	1	2	1	2	1	1	1	1	0	1	2	3	4	0.814	0.258	0.477	0.305	0.296	0.88	0.36	0.179	0.564	0.0	0.212	0.078	0.165	0.131
DE039N0:DE077N0	0.42	0	1	1	1	2	0	1	1	1	1	3	2	4	2	0.0	0.731	0.643	0.286	0.5	0.0	0.186	0.542	0.732	0.101	0.252	0.356	0.141	0.354
DE039N0:DE133C0	0.463	1	1	1	1	1	0	0	0	2	2	2	2	4	2	0.529	0.388	0.324	0.254	0.544	0.0	0.0	0.0	0.777	0.379	0.584	0.501	0.117	0.303
DE039N0:DE135C0	0.497	2	0	2	2	1	1	2	1	1	1	1	1	3	2	0.546	0.0	0.501	0.181	0.727	0.142	0.233	0.777	0.268	0.834	0.416	0.399	0.263	0.422
DE039N0:DE141C0	0.431	0	1	2	1	1	1	1	0	1	2	3	1	2	1	0.0	1.0	0.357	0.741	0.727	1.0	0.716	0.0	0.465	0.379	0.168	0.207	0.21	0.075
DE039N0:DE150C0	0.619	2	1	2	1	2	1	1	1	2	2	2	2	3	3	0.471	0.612	0.357	0.746	0.359	0.576	1.0	1.0	0.532	0.449	0.259	0.319	0.269	0.194
DE039N0:DE165C0	0.545	1	1	2	1	1	1	1	1	1	1	1	3	3	2	0.223	0.326	0.359	1.0	0.214	0.194	0.773	0.715	0.353	0.757	0.587	0.141	0.182	0.435
DE039N0:DE166C0	0.614	1	0	2	1	2	1	2	1	1	2	2	2	2	2	1.0	0.0	0.382	0.733	0.727	0.789	0.513	1.0	0.732	0.379	0.212	0.499	0.321	0.303
DE039N0:DE194C0	0.615	2	1	1	2	1	1	2	1	1	2	2	3	3	2	0.397	1.0	0.643	0.422	0.727	0.494	0.464	1.0	0.268	0.379	0.584	0.289	0.39	0.16
DE039N0:DE205C0	0.433	1	2	0	1	1	1	1	1	3	1	2	1	3	1	0.882	0.339	0.0	0.718	0.584	0.219	0.593	0.291	0.158	0.166	0.424	0.501	0.298	0.194
DE039N0:DE216C0	0.52	1	1	2	1	2	2	0	1	2	2	3	1	3	3	0.766	0.15	0.357	0.157	0.424	0.35	0.0	0.638	0.304	0.455	0.321	0.467	0.334	0.26
DE039N0:DE221C0	0.495	0	1	1	1	1	1	1	1	2	2	1	2	1	3	0.0	0.453	0.523	0.835	0.286	0.576	0.12	0.605	0.378	0.379	0.278	0.499	0.39	0.287
DE039N0:DE233C0	0.393	1	0	1	0	1	0	1	0	1	2	2	1	4	2	1.0	0.0	0.543	0.0	0.273	0.0	0.548	0.0	0.492	0.379	0.261	0.721	0.117	0.422
DE039N0:DE239C0	0.551	1	1	2	2	1	1	0	1	1	2	2	2	3	2	1.0	0.079	0.643	0.282	0.554	1.0	0.0	1.0	0.134	0.379	0.489	0.499	0.208	0.371
DE039N0:DE241C0	0.397	1	1	1	0	2	1	1	1	1	2	2	1	3	2	1.0	0.673	0.783	0.0	0.296	1.0	0.24	0.198	0.059	0.166	0.212	0.499	0.207	0.194
DE039N0:DE267C0	0.535	0	1	1	2	2	2	2	2	1	2	2	1	3	2	0.0	0.745	0.324	0.383	0.317	0.518	0.536	0.44	0.351	0.286	0.321	0.501	0.117	0.497
DE039N0:DE274C0	0.403	1	1	1	1	1	1	0	1	1	2	1	2	2	3	0.57	0.126	0.074	1.0	1.0	0.279	0.0	0.131	0.389	0.379	0.094	0.382	0.155	0.245
DE039N0:DE317C0	0.469	1	1	1	1	1	1	2	2	1	2	1	2	2	2	0.405	1.0	0.104	0.343	0.608	1.0	0.531	0.356	0.169	0.107	0.094	0.072	0.39	0.371
DE039N0:DE327C0	0.514	1	1	2	1	1	2	2	1	0	1	2	1	3	1	1.0	1.0	0.357	1.0	0.727	0.401	0.24	0.817	0.0	0.455	0.416	0.342	0.321	0.131
DE039N0:DE366C0	0.477	1	2	1	1	1	1	1	1	1	1	2	1	3	2	0.623	0.245	0.643	1.0	0.332	0.483	0.578	0.458	0.732	0.166	0.416	0.501	0.104	0.194
DE039N0:MKK2835.2G/	0.597	1	1	1	1	1	1	1	0	1	1	1	1	3	2	1.0	1.0	0.643	1.0	0.727	1.0	1.0	0.0	0.268	0.455	0.094	0.499	0.39	0.371
DE039N0:NHP1337.12C/	0.403	0	0	1	0	1	0	0	1	1	2	2	1	3	2	0.0	0.0	0.357	0.0	0.273	0.0	0.0	1.0	0.732	0.379	0.584	0.501	0.207	0.194
DE041N0:DE043N0	0.521	1	1	1	2	1	1	1	2	1	1	2	2	2	3	0.362	0.765	0.094	0.32	0.727	0.62	0.058	0.475	0.417	0.76	0.269	0.352	0.503	0.205
DE041N0:DE044N0	0.621	1	2	2	2	1	1	1	1	1	1	3	3	3	2	1.0	0.292	0.662	0.433	0.937	1.0	0.164	0.891	0.27	1.0	0.216	0.385	0.503	0.132
DE041N0:DE048N0	0.441	1	0	1	3	1	0	1	1	2	1	1	1	3	3	1.0	0.0	0.268	0.222	0.301	0.0	1.0	0.542	0.417	0.624	0.373	0.246	0.264	0.224
DE041N0:DE064N0	0.525	1	1	1	1	1	1	2	2	1	1	2	1	4	2	0.42	1.0	0.079	0.537	1.0	0.326	0.783	0.806	0.642	0.588	0.423	0.115	0.29	0.205
DE041N0:DE065N0	0.442	1	0	1	2	0	1	2	1	2	2	2	2	4	2	1.0	0.0	0.268	0.205	0.0	0.339	0.304	0.688	0.225	0.24	0.416	0.614	0.149	0.314
DE041N0:DE066N0	0.487	0	1	1	2	0	1	2	1	1	1	1	2	2	4	0.0	1.0	0.268	0.32	0.0	1.0	0.381	0.149	0.176	0.548	0.649	0.443	0.338	0.224
DE041N0:DE068N0	0.526	1	1	1	2	2	1	2	2	2	2	2	2	3	3	0.186	0.258	0.21	0.573	0.492	0.12	0.36	0.53	0.417	0.196	0.216	0.314	0.342	0.314
DE041N0:DE077N0	0.594	1	1	1	2	2	1	2	1	1	2	3	3	3	4	1.0	0.731	0.732	0.32	0.5	1.0	0.217	0.458	0.417	0.267	0.309	0.356	0.291	0.181
DE041N0:DE133C0	0.567	1	1	2	2	2	1	1	1	3	1	1	2	2	3	0.471	0.388	0.681	0.143	0.368	1.0	0.217	1.0	0.417	0.24	0.784	0.775	0.323	0.224
DE041N0:DE135C0	0.483	1	0	2	1	1	2	1	1	2	2	2	1	3	2	0.092	0.0	0.241	0.139	1.0	0.582	0.129	0.223	0.358	0.615	0.325	0.785	0.226	0.314
DE041N0:DE141C0	0.539	1	1	2	2	1	0	1	1	1	1	2	1	3	3	1.0	1.0	0.13	0.421	1.0	0.0	0.499	1.0	0.642	0.24	0.168	0.59	0.21	0.256
DE041N0:DE150C0	0.491	1	1	1	2	2	1	1	0	2	1	0	2	4	3	0.156	0.612	0.051	0.537	0.359	0.424	0.783	0.0	0.36	1.0	0.0	0.319	0.232	0.314
DE041N0:DE165C0	0.621	1	1	1	1	1	1	1	1	2	2	3	3	3	3	0.777	0.326	0.092	0.537	0.487	0.806	1.0	0.285	0.128	0.615	0.242	0.484	0.323	0.273
DE041N0:DE166C0	0.369	0	0	1	2	1	1	2	0	1	1	2	2	3	2	0.0	0.0	0.115	0.537	0.786	0.211	0.513	0.0	0.417	0.24	0.41	0.136	0.262	0.224
DE041N0:DE194C0	0.579	1	1	1	1	1	1	2	0	2	1	1	3	2	3	0.348	1.0	0.732	0.279	1.0	0.506	0.248	0.0	0.358	0.24	0.784	0.289	0.503	0.314
DE041N0:DE205C0	0.648	1	2	2	1	1	1	2	1	2	1	2	1	2	2	0.118	0.339	0.405	0.857	0.857	0.781	0.593	0.709	0.236	0.145	0.784	0.887	0.449	0.256
DE041N0:DE216C0	0.516	1	1	1	2	1	2	1	1	2	1	2	2	1	3	0.234	0.15	0.075	0.163	0.424	0.267	0.217	0.362	0.213	1.0	0.523	0.467	0.658	0.26
DE041N0:DE221C0	0.483	1	1	2	2	1	1	1	2	3	1	2	2	2	3	1.0	0.453	0.372	0.537	0.559	0.424	0.096	0.295	0.251	0.24	0.216	0.328	0.761	0.193
DE041N0:DE233C0	0.471	0	0	2	2	0	1	2	1	2	1	1	2	4	2	0.0	0.0	0.732	0.32	0.0	1.0	0.548	1.0	0.267	0.24	0.457	0.496	0.096	0.314
DE041N0:DE239C0	0.314	0	1	1	2	1	0	1	0	2	1	1	2	3	3	0.0	0.079	0.444	0.205	0.827	0.0	0.217	0.0	0.225	0.24	0.269	0.153	0.191	0.224
DE041N0:DE241C0	0.329	0	1	2	2	1	0	2	2	1	0	3	1	3	2	0.0	0.673	0.328	0.32	0.296	0.0	0.24	0.542	0.225	0.0	0.297	0.115	0.096	0.252
DE041N0:DE267C0	0.477	1	1	2	3	1	1	2	2	2	2	2	1	2	2	1.0	0.745	0.681	0.24	0.317	0.318	0.536	0.207	0.261	0.452	0.416	0.887	0.163	0.058
DE041N0:DE274C0	0.524	1	1	2	1	1	2	1	1	3	2	1	1	3	2	0.43	0.126	0.431	0.537	0.727	0.518	0.217	0.869	0.225	0.434	0.216	0.314	0.101	0.52
DE041N0:DE317C0	0.48	1	1	2	2	1	0	2	2	2	1	1	2	2	3	0.595	1.0	0.268	0.32	0.881	0.0	0.531	0.367	0.259	0.263	0.216	0.198	0.52	0.224
DE041N0:DE327C0	0.503	0	1	1	1	1	1	1	1	2	1	2	1	2	3	0.0	1.0	0.051	0.537	1.0	0.353	0.24	0.183	0.225	0.76	0.292	0.727	0.328	0.314
DE041N0:DE366C0	0.568	1	2	1	1	1	1	1	1	1	1	1	1	3	2	0.377	0.245	0.732	0.537	0.605	0.517	0.362	0.542	0.417	0.124	1.0	0.885	0.505	0.314
DE041N0:MKK2835.2G/	0.562	0	1	1	1	1	0	1	1	2	1	1	1	2	3	0.0	1.0	0.732	0.537	1.0	0.0	0.783	1.0	0.358	0.76	0.216	0.115	0.503	0.224
DE041N0:NHP1337.12C/	0.438	1	0	1	2	0	1	1	0	1	1	1	1	3	2	1.0	0.0	0.268	0.32	0.0	1.0	0.217	0.0	0.417	0.24	0.784	0.885	0.096	0.314
DE043N0:DE044N0	0.678	1	2	2	3	1	1	2	3	2	1	2	2	1	3	0.362	0.446	0.094	0.359	0.664	0.62	0.601	0.475	0.628	0.736	0.505	0.265	0.764	0.359
DE043N0:DE048N0	0.634	1	1	2	2	2	1	0	2	1	1	2	2	2	1	0.362	0.235	0.741	0.208	0.301	0.38	0.0	0.475	0.709	0.864	0.412	0.411	0.502	0.817
DE043N0:DE064N0	0.505	2	1	2	1	1	1	1	3	1	2	2	1	1	3	0.58	0.765	0.653	0.102	0.727	0.092	0.17	0.276	0.794	0.588	0.183	0.411	0.29	0.526
DE043N0:DE065N0	0.277	1	1	2	2	1	0	1	2	1	1	2	1	2	1	0.362	0.235	0.741	0.677	0.273	0.0	0.422	0.219	0.232	0.128	0.22	0.166	0.215	0.069
DE043N0:DE066N0	0.512	1	1	2	2	1	1	1	3	2	1	2	3	2	3	0.638	0.765	0.741	0.789	0.209	0.62	0.345	0.239	0.24	0.272	0.334	0.212	0.267	0.387
DE043N0:DE068N0	0.584	2	2	2	3	2	1	1	2	1	2	3	2	2	2	0.638	0.181	0.523	0.268	0.296	0.26	0.366	0.292	0.832	0.349	0.203	0.602	0.65	0.318
DE043N0:DE077N0	0.542	1	1	1	2	2	1	1	1	1	2	2	2	1	2	0.362	0.496	0.165	0.714	0.5	0.62	0.54	0.286	1.0	0.364	0.25	0.47	0.692	0.254
DE043N0:DE133C0	0.51	2	1	2	2	1	1	1	2	2	0	1	2	1	1	0.529	0.153	0.094	0.538	0.544	0.62	0.725	0.475	0.72	0.0	0.334	0.243	0.379	0.817
DE043N0:DE135C0	0.442	1	1	2	2	1	2	1	3	0	1	2	1	1	2	0.546	0.235	0.286	0.472	0.727	0.276	0.871	0.239	0.0	0.615	0.191	0.484	0.322	0.242
DE043N0:DE141C0	0.442	1	1	1	2	1	1	2	2	1	0	2	2	1	2	0.362	0.765	1.0	0.106	0.727	0.38	0.284	0.475	0.732	0.0	0.348	0.468	0.103	0.203
DE043N0:DE150C0	0.473	2	2	2	2	2	0	1	2	1	1	2	3	2	2	0.373	0.612	0.681	0.254	0.359	0.0	0.275	0.239	0.532	0.744	0.516	0.329	0.328	0.114
DE043N0:DE165C0	0.54	2	1	2	1	1	1	0	3	2	2	4	2	3	2	0.362	0.091	0.641	0.102	0.214	0.426	0.0	0.285	0.353	0.615	0.18	0.583	0.335	0.436
DE043N0:DE166C0	0.487	1	1	2	2	2	2	2	2	1	0	2	1	2	2	0.638	0.235	0.618	0.267	0.727	0.38	0.213	0.239	1.0	0.0	0.15	0.532	0.379	0.359
DE043N0:DE194C0	0.425	1	1	1	2	1	1	2	2	0	0	1	2	1	1	0.255	0.765	0.165	0.236	0.727	0.127	0.339	0.239	0.0	0.0	0.334	0.49	1.0	0.285
DE043N0:DE205C0	0.471	2	1	2	2	1	1	1	2	3	1	1	2	2	2	0.638	0.339	0.336	0.282	0.584	0.401	0.09	0.219	0.158	0.385	0.484	0.468	0.85	0.212
DE043N0:DE216C0	0.486	1	1	1	2	2	2	1	2	2	1	0	2	2	2	0.404	0.085	1.0	0.633	0.424	0.113	0.725	0.123	0.571	0.76	0.0	0.533	0.443	0.26
DE043N0:DE221C0	0.469	1	2	2	2	1	0	2	3	2	0	3	2	2	3	0.362	0.453	0.165	0.165	0.286	0.0	0.725	0.295	0.378	0.0	0.223	0.204	0.59	0.453
DE043N0:DE233C0	0.418	1	1	1	2	1	1	1	2	2	0	2	2	1	2	0.638	0.235	0.259	0.792	0.273	0.62	0.177	0.475	0.492	0.0	0.772	0.279	0.082	0.239
DE043N0:DE239C0	0.493	1	1	2	2	1	1	1	2	1	0	1	1	1	1	0.638	0.189	0.289	0.603	0.554	0.38	0.725	0.239	0.134	0.0	0.85	0.532	0.191	0.931
DE043N0:DE241C0	0.351	1	1	2	2	2	1	1	1	1	1	3	1	0	2	0.638	0.439	0.405	0.789	0.296	0.38	0.486	0.475	0.327	0.24	0.158	0.415	0.0	0.069
DE043N0:DE267C0	0.498	1	1	2	3	2	2	1	2	1	2	2	2	2	2	0.362	0.51	0.094	0.171	0.317	0.38	0.462	0.119	0.619	0.489	0.115	0.468	0.241	0.624
DE043N0:DE274C0	0.492	1	2	2	1	1	2	1	3	2	1	2	3	2	2	0.208	0.235	0.31	0.102	1.0	0.203	0.725	0.475	0.3	0.434	0.516	0.219	0.233	0.249
DE043N0:DE317C0	0.624	2	1	2	2	1	1	1	3	1	2	2	2	1	1	0.405	0.765	0.489	0.657	0.608	0.38	0.252	0.367	0.099	0.272	0.516	0.653	0.648	0.931
DE043N0:DE327C0	0.492	1	1	1	1	1	1	2	3	1	1	1	1	2	1	0.638	0.765	0.906	0.102	0.727	0.724	0.486	0.239	0.247	1.0	0.223	0.468	0.394	0.102
DE043N0:DE366C0	0.454	1	2	1	1	1	1	2	2	1	1	1	2	3	1	1.0	0.289	0.165	0.102	0.332	0.137	0.422	0.475	1.0	0.364	0.484	0.468	0.271	0.069
DE043N0:MKK2835.2G/	0.614	1	1	1	1	1	1	1	2	0	1	2	1	1	1	0.638	0.765	0.165	0.102	0.727	0.38	0.275	0.475	0.0	1.0	0.516	0.411	1.0	0.931
DE043N0:NHP1337.12C/	0.386	1	1	2	2	1	1	1	2	1	0	1	2	0	1	0.362	0.235	0.741	0.792	0.273	0.62	0.725	0.239	1.0	0.0	0.334	0.468	0.0	0.069
DE044N0:DE048N0	0.433	1	3	1	2	1	0	1	2	2	1	2	3	2	2	1.0	0.189	0.338	0.293	0.238	0.0	0.164	0.542	0.337	0.6	0.275	0.159	0.285	0.285
DE044N0:DE064N0	0.48	1	2	0	1	1	1	2	2	1	1	0	3	2	3	0.42	0.292	0.0	0.091	0.937	0.326	0.164	0.697	0.628	0.588	0.0	0.203	0.29	0.488
DE044N0:DE065N0	0.454	1	3	1	2	1	1	2	1	2	2	2	4	3	3	1.0	0.189	0.338	0.567	0.063	0.339	0.355	0.579	0.232	0.264	0.137	0.287	0.236	0.161
DE044N0:DE066N0	0.451	0	2	1	2	1	1	1	2	2	1	1	1	2	4	0.0	0.292	0.338	0.567	0.063	1.0	0.52	0.149	0.372	0.548	0.114	0.171	0.267	0.204
DE044N0:DE068N0	0.552	1	2	1	2	2	1	1	2	2	2	3	2	3	3	0.186	0.537	0.139	0.433	0.492	0.12	0.52	0.421	0.628	0.196	0.357	0.225	0.48	0.265
DE044N0:DE077N0	0.579	1	3	1	2	2	1	1	1	2	2	2	2	1	2	1.0	0.257	0.662	0.342	0.437	1.0	0.355	0.349	0.628	0.267	0.359	0.516	0.456	0.186
DE044N0:DE133C0	0.547	1	3	1	2	3	1	2	1	3	1	2	2	1	2	0.471	0.199	1.0	0.567	0.368	1.0	0.355	0.891	0.348	0.264	0.137	0.588	0.143	0.285
DE044N0:DE135C0	0.585	1	3	2	2	1	2	2	2	1	2	3	2	2	3	0.092	0.189	0.205	0.403	0.937	0.582	0.601	0.223	0.124	0.615	0.357	0.385	0.322	0.335
DE044N0:DE141C0	0.486	1	2	2	2	1	0	2	1	1	1	2	2	2	3	1.0	0.292	0.13	0.259	0.937	0.0	0.399	0.891	0.628	0.264	0.529	0.385	0.236	0.109
DE044N0:DE150C0	0.481	1	3	0	2	2	1	2	1	2	1	2	2	2	3	0.156	0.292	0.0	0.254	0.296	0.424	0.246	0.109	0.248	1.0	0.392	0.269	0.521	0.217
DE044N0:DE165C0	0.479	1	3	0	1	2	1	1	2	2	2	3	3	3	3	0.777	0.171	0.0	0.091	0.487	0.806	0.164	0.285	0.26	0.615	0.305	0.31	0.192	0.246
DE044N0:DE166C0	0.444	0	3	0	2	1	1	3	1	2	1	1	2	2	3	0.0	0.189	0.0	0.267	0.723	0.211	0.242	0.109	0.628	0.264	0.357	0.203	0.663	0.248
DE044N0:DE194C0	0.465	1	2	1	1	1	1	2	1	1	1	2	2	1	2	0.348	0.292	0.662	0.145	0.937	0.506	0.246	0.109	0.124	0.264	0.137	0.427	0.764	0.386
DE044N0:DE205C0	0.51	1	4	2	2	2	1	2	1	3	1	3	2	2	3	0.118	0.171	0.405	0.282	0.857	0.781	0.164	0.601	0.147	0.121	0.161	0.385	0.613	0.302
DE044N0:DE216C0	0.497	1	2	2	2	1	2	2	1	3	1	2	3	2	3	0.234	0.171	0.117	0.563	0.361	0.267	0.355	0.253	0.571	1.0	0.231	0.262	0.443	0.14
DE044N0:DE221C0	0.545	1	2	2	2	2	1	3	1	3	1	2	2	3	4	1.0	0.383	0.372	0.165	0.559	0.424	0.355	0.295	0.151	0.264	0.357	0.269	0.59	0.285
DE044N0:DE233C0	0.497	0	3	2	2	1	1	2	1	3	1	2	3	1	3	0.0	0.189	0.662	0.567	0.063	1.0	0.206	0.891	0.268	0.264	0.505	0.171	0.166	0.335
DE044N0:DE239C0	0.418	0	3	1	2	2	0	2	1	2	1	1	2	2	3	0.0	0.269	0.373	0.285	0.827	0.0	0.355	0.109	0.134	0.264	0.505	0.203	0.236	0.285
DE044N0:DE241C0	0.359	0	3	2	2	1	0	1	2	2	0	3	3	1	3	0.0	0.257	0.257	0.567	0.234	0.0	0.355	0.542	0.327	0.0	0.199	0.203	0.236	0.145
DE044N0:DE267C0	0.497	1	3	1	2	2	1	2	1	1	2	3	2	1	3	1.0	0.257	1.0	0.275	0.317	0.318	0.464	0.207	0.752	0.452	0.137	0.385	0.071	0.37
DE044N0:DE274C0	0.559	1	2	2	1	1	2	2	1	3	2	2	2	2	3	0.43	0.189	0.431	0.091	0.664	0.519	0.355	1.0	0.3	0.434	0.392	0.269	0.521	0.145
DE044N0:DE317C0	0.558	1	2	2	2	2	0	2	2	2	1	2	3	2	3	0.595	0.292	0.338	0.342	0.881	0.0	0.195	0.367	0.124	0.263	0.392	0.198	0.648	0.285
DE044N0:DE327C0	0.497	0	2	1	1	1	1	1	2	2	1	3	2	3	3	0.0	0.292	0.121	0.091	0.937	0.323	0.601	0.183	0.247	0.736	0.237	0.385	0.394	0.14
DE044N0:DE366C0	0.497	1	4	1	1	2	1	2	2	2	1	3	2	4	3	0.377	0.289	0.662	0.096	0.605	0.517	0.246	0.542	0.628	0.1	0.168	0.385	0.271	0.14
DE044N0:MKK2835.2G/	0.551	0	2	1	1	1	0	2	1	1	1	2	3	1	3	0.0	0.292	0.662	0.091	0.937	0.0	0.246	0.891	0.124	0.736	0.392	0.203	0.764	0.285
DE044N0:NHP1337.12C/	0.448	1	3	1	2	1	1	2	1	2	1	2	2	1	3	1.0	0.189	0.338	0.567	0.063	1.0	0.355	0.109	0.628	0.264	0.137	0.385	0.236	0.14
DE048N0:DE064N0	0.494	1	0	1	2	1	2	2	2	1	2	3	1	0	2	0.42	0.0	0.653	0.453	0.301	0.582	0.754	0.348	0.503	0.452	0.333	0.638	0.0	0.412
DE048N0:DE065N0	0.379	1	1	1	3	1	1	2	1	1	0	1	2	2	1	1.0	1.0	1.0	0.182	0.699	0.661	0.304	0.23	0.059	0.0	0.37	0.085	0.284	0.114
DE048N0:DE066N0	0.479	0	0	1	2	1	0	2	2	2	2	2	2	3	3	0.0	0.0	1.0	0.182	0.699	0.0	0.381	0.458	0.24	0.272	0.589	0.212	0.16	0.295
DE048N0:DE068N0	0.508	1	2	1	3	1	1	2	2	1	2	2	3	2	1	0.186	0.585	0.523	0.185	0.508	0.88	0.36	0.292	0.541	0.349	0.203	0.362	0.436	0.164
DE048N0:DE077N0	0.441	1	1	0	2	2	0	2	0	1	2	3	2	2	2	1.0	0.269	0.0	0.202	0.371	0.0	0.246	0.0	0.709	0.364	0.255	0.187	0.502	0.403
DE048N0:DE133C0	0.501	1	1	1	3	2	0	1	1	2	1	1	1	2	1	0.471	0.612	0.319	0.254	0.176	0.0	0.246	0.542	0.777	0.136	0.589	0.137	0.379	1.0
DE048N0:DE135C0	0.361	1	1	1	2	1	1	1	2	1	1	1	2	2	2	0.092	1.0	0.286	0.182	0.301	0.142	0.129	0.458	0.291	0.479	0.087	0.362	0.225	0.261
DE048N0:DE141C0	0.49	1	0	2	3	1	1	1	1	1	1	2	2	1	3	1.0	0.0	0.783	0.453	0.301	1.0	0.47	0.542	0.442	0.136	0.245	0.362	0.39	0.186
DE048N0:DE150C0	0.537	1	1	1	2	3	1	1	1	2	1	2	1	2	0	0.156	0.388	0.681	0.281	0.368	0.576	0.754	0.458	0.532	0.608	0.412	0.681	0.404	0.0
DE048N0:DE165C0	0.574	1	1	1	2	1	1	1	2	1	2	2	3	2	2	0.777	0.674	0.641	0.453	0.212	0.194	1.0	0.458	0.353	0.479	0.358	0.273	0.335	0.506
DE048N0:DE166C0	0.518	0	1	1	2	2	1	2	1	1	1	2	1	3	3	0.0	1.0	0.618	0.281	0.301	0.789	0.513	0.458	0.709	0.136	0.125	0.503	0.218	0.428
DE048N0:DE194C0	0.43	1	0	0	3	1	1	2	1	1	1	1	2	2	2	0.348	0.0	0.0	0.342	0.301	0.494	0.218	0.458	0.291	0.136	0.589	0.284	0.502	0.354
DE048N0:DE205C0	0.426	1	2	1	2	1	1	2	1	3	2	1	1	3	2	0.118	0.358	0.595	0.281	0.158	0.219	0.593	0.252	0.158	0.385	0.428	0.362	0.502	0.212
DE048N0:DE216C0	0.398	1	1	2	3	2	2	1	1	2	1	2	2	3	1	0.234	0.85	0.779	0.182	0.576	0.35	0.246	0.096	0.281	0.624	0.126	0.362	0.11	0.146
DE048N0:DE221C0	0.435	1	1	1	2	1	1	1	2	2	1	2	1	3	2	1.0	0.547	0.106	0.288	0.14	0.576	0.125	0.358	0.378	0.136	0.137	0.31	0.225	0.567
DE048N0:DE233C0	0.422	0	1	1	2	1	0	2	1	1	1	2	2	2	2	0.0	1.0	0.101	0.182	0.699	0.0	0.548	0.542	0.492	0.136	0.411	0.279	0.273	0.258
DE048N0:DE239C0	0.483	0	2	1	3	1	1	1	1	1	1	2	1	2	1	0.0	0.731	0.289	0.198	0.127	1.0	0.246	0.458	0.157	0.136	0.485	0.485	0.134	0.886
DE048N0:DE241C0	0.412	0	1	2	2	1	1	2	1	0	2	2	1	1	2	0.0	0.327	0.405	0.182	1.0	1.0	0.246	0.74	0.0	0.24	0.109	0.638	0.273	0.114
DE048N0:DE267C0	0.539	1	1	1	1	2	2	1	2	1	2	2	1	3	2	1.0	0.255	0.319	0.782	0.442	0.518	0.536	0.233	0.328	0.489	0.265	0.362	0.273	0.624
DE048N0:DE274C0	0.477	1	1	1	2	2	1	1	2	2	1	1	2	2	2	0.43	0.874	0.569	0.453	0.301	0.279	0.246	0.542	0.247	0.298	0.412	0.325	0.506	0.258
DE048N0:DE317C0	0.575	1	0	1	1	1	1	2	3	1	2	1	3	2	1	0.595	0.0	0.747	0.464	0.181	1.0	0.531	0.367	0.192	0.272	0.412	0.573	0.225	0.886
DE048N0:DE327C0	0.401	0	0	1	2	1	2	1	2	0	1	2	2	2	2	0.0	0.0	0.783	0.451	0.301	0.401	0.24	0.458	0.0	0.864	0.131	0.362	0.167	0.171
DE048N0:DE366C0	0.434	1	3	0	2	1	1	1	1	1	2	1	1	4	1	0.377	0.367	0.0	0.453	0.094	0.483	0.333	1.0	0.709	0.364	0.421	0.362	0.169	0.114
DE048N0:MKK2835.2G/	0.594	0	0	0	2	1	1	1	1	1	1	1	1	2	1	0.0	0.0	0.0	0.453	0.301	1.0	0.754	0.542	0.291	0.864	0.412	0.638	0.502	0.886
DE048N0:NHP1337.12C/	0.406	1	1	1	2	1	0	1	1	1	1	1	1	1	1	1.0	1.0	1.0	0.182	0.699	0.0	0.246	0.458	0.709	0.136	0.588	0.362	0.273	0.114
DE064N0:DE065N0	0.469	1	0	1	1	0	2	2	2	2	2	2	2	4	2	0.42	0.0	0.653	0.115	0.0	0.582	0.304	0.688	0.232	0.189	0.463	0.301	0.335	0.295
DE064N0:DE066N0	0.429	1	1	1	0	0	1	2	1	1	2	2	1	3	2	0.58	1.0	0.653	0.0	0.0	0.326	0.381	0.144	0.182	0.136	0.537	0.345	0.381	0.387
DE064N0:DE068N0	0.521	2	1	2	1	2	1	2	3	1	3	3	2	2	3	0.58	0.258	0.523	0.305	0.492	0.582	0.36	0.53	1.0	0.223	0.13	0.32	0.357	0.114
DE064N0:DE077N0	0.454	1	1	1	1	2	1	2	2	1	2	2	2	2	3	0.42	0.731	0.347	0.286	0.5	0.326	0.186	0.458	0.794	0.267	0.179	0.175	0.245	0.254
DE064N0:DE133C0	0.419	2	1	0	1	2	1	1	2	2	1	2	1	2	2	0.529	0.388	0.0	0.254	0.368	0.326	0.105	0.806	0.514	0.189	0.423	0.225	0.245	0.412
DE064N0:DE135C0	0.399	1	0	2	2	1	2	2	1	1	1	2	1	2	2	0.638	0.0	0.347	0.181	1.0	0.326	0.129	0.144	0.206	0.777	0.21	0.102	0.465	0.178
DE064N0:DE141C0	0.557	1	1	2	1	1	2	1	2	2	1	3	1	2	2	0.42	1.0	0.653	0.741	1.0	0.582	0.611	0.806	0.732	0.189	0.13	0.294	0.472	0.134
DE064N0:DE150C0	0.521	2	1	1	1	2	1	1	1	1	1	3	1	2	3	0.373	0.612	1.0	0.746	0.359	0.908	0.895	0.051	0.326	0.588	0.259	0.351	0.269	0.295
DE064N0:DE165C0	0.551	2	1	1	1	1	2	2	2	2	2	2	3	2	2	0.42	0.326	1.0	1.0	0.487	0.326	0.773	0.144	0.26	0.777	0.337	0.188	0.483	0.305
DE064N0:DE166C0	0.548	1	0	1	1	1	2	1	1	1	1	1	1	3	2	0.58	0.0	1.0	0.733	0.786	0.371	0.513	0.051	0.794	0.189	0.667	0.864	0.284	0.178
DE064N0:DE194C0	0.454	1	1	1	2	1	2	2	1	1	1	2	2	1	1	0.255	1.0	0.347	0.422	1.0	0.494	0.359	0.051	0.206	0.189	0.423	0.284	0.29	0.178
DE064N0:DE205C0	0.487	2	2	1	1	1	2	2	2	2	1	2	0	2	2	0.58	0.339	0.249	0.718	0.857	0.326	0.593	0.709	0.236	0.223	0.423	0.0	0.29	0.295
DE064N0:DE216C0	0.511	1	1	2	1	1	3	1	2	2	1	2	1	2	2	0.346	0.15	0.653	0.157	0.424	0.276	0.105	0.362	0.571	0.588	0.553	0.068	0.687	0.474
DE064N0:DE221C0	0.496	1	1	2	1	1	1	0	3	3	1	2	1	3	2	0.42	0.453	0.347	0.835	0.559	0.908	0.0	0.144	0.27	0.189	0.292	0.672	0.29	0.412
DE064N0:DE233C0	0.365	1	0	1	0	0	1	2	2	2	1	2	1	3	2	0.58	0.0	0.246	0.0	0.0	0.326	0.548	0.806	0.286	0.189	0.115	0.224	0.245	0.178
DE064N0:DE239C0	0.528	1	1	2	2	1	2	1	1	2	1	2	1	2	2	0.58	0.079	0.347	0.282	0.827	0.582	0.105	0.051	0.206	0.189	0.333	0.847	0.641	0.526
DE064N0:DE241C0	0.559	1	1	2	0	1	2	2	3	2	1	3	1	2	2	0.58	0.673	0.405	0.0	0.296	0.582	0.24	0.348	0.327	0.412	0.406	1.0	0.465	0.295
DE064N0:DE267C0	0.499	1	1	0	2	1	3	2	3	2	3	3	0	2	3	0.42	0.745	0.0	0.383	0.317	0.163	0.536	0.207	0.619	0.452	0.295	0.0	0.223	0.322
DE064N0:DE274C0	0.47	1	1	1	1	1	2	1	2	3	2	2	1	2	2	0.15	0.126	0.222	1.0	0.727	0.326	0.105	0.675	0.3	0.434	0.123	0.57	0.269	0.245
DE064N0:DE317C0	0.588	2	1	1	1	1	2	3	3	2	2	2	2	2	2	0.42	1.0	0.401	0.349	0.881	0.582	0.531	0.173	0.206	0.412	0.13	0.573	0.352	0.526
DE064N0:DE327C0	0.524	1	1	2	1	1	2	2	1	2	2	3	1	2	2	0.58	1.0	0.653	1.0	1.0	0.276	0.24	0.144	0.247	0.588	0.178	0.159	0.398	0.124
DE064N0:DE366C0	0.489	1	2	1	1	1	2	1	2	1	1	2	0	4	2	1.0	0.245	0.347	1.0	0.605	0.483	0.466	0.348	0.794	0.223	0.423	0.0	0.191	0.295
DE064N0:MKK2835.2G/	0.654	1	1	1	1	1	2	1	2	1	2	2	1	1	2	0.58	1.0	0.347	1.0	1.0	0.582	0.895	0.806	0.206	0.588	0.13	1.0	0.29	0.526
DE064N0:NHP1337.12C/	0.346	1	0	1	0	0	1	1	1	1	1	2	0	2	2	0.42	0.0	0.653	0.0	0.0	0.326	0.105	0.051	0.794	0.189	0.423	0.0	0.465	0.295
DE065N0:DE066N0	0.515	0	0	1	1	1	1	2	1	2	2	2	2	3	2	0.0	0.0	1.0	0.885	1.0	0.339	0.619	0.163	0.528	0.324	0.37	0.358	0.251	0.158
DE065N0:DE068N0	0.537	1	2	1	2	1	2	2	1	2	2	2	3	3	2	0.186	0.585	0.523	0.427	0.211	0.661	0.64	0.53	0.232	0.455	0.215	0.126	0.215	0.607
DE065N0:DE077N0	0.514	1	1	0	1	1	1	2	2	1	2	3	3	2	2	1.0	0.269	0.0	0.599	0.371	0.339	0.696	0.458	0.232	0.371	0.129	0.271	0.381	0.436
DE065N0:DE133C0	0.526	1	1	1	2	2	1	1	1	1	1	2	2	1	1	0.471	0.612	0.319	0.746	0.359	0.339	0.696	0.688	0.074	0.872	0.416	0.614	0.45	0.114
DE065N0:DE135C0	0.516	1	1	1	1	0	2	2	1	1	2	2	1	2	2	0.092	1.0	0.286	0.563	0.0	0.339	0.463	0.089	0.768	0.385	0.325	0.699	0.335	0.597
DE065N0:DE141C0	0.526	1	0	2	2	0	1	0	1	2	1	3	2	4	2	1.0	0.0	0.783	0.259	0.0	0.661	0.0	0.688	0.268	0.872	0.215	0.404	0.335	0.392
DE065N0:DE150C0	0.476	1	1	1	1	2	2	1	1	1	2	2	1	3	1	0.156	0.388	0.681	0.139	0.368	0.576	0.304	0.312	0.236	0.256	0.259	0.235	0.269	0.886
DE065N0:DE165C0	0.392	1	1	1	1	1	2	2	0	1	2	2	3	3	1	0.777	0.674	0.641	0.115	0.513	0.339	0.304	0.0	0.647	0.308	0.229	0.182	0.199	0.19
DE065N0:DE166C0	0.474	0	1	1	1	1	1	2	1	1	1	2	2	3	2	0.0	1.0	0.618	0.152	0.214	0.45	0.345	0.312	0.232	0.872	0.285	0.301	0.284	0.2
DE065N0:DE194C0	0.487	1	0	0	2	0	2	2	1	1	1	2	3	2	1	0.355	0.0	0.0	0.236	0.0	0.494	0.234	0.312	0.768	0.872	0.416	0.221	0.215	0.646
DE065N0:DE205C0	0.548	1	2	1	1	1	2	2	1	3	1	2	1	2	2	0.118	0.358	0.595	0.167	0.143	0.339	0.407	1.0	0.434	0.487	0.416	0.614	0.215	0.449
DE065N0:DE216C0	0.645	1	1	2	1	1	3	1	2	2	2	3	2	4	1	0.234	0.85	0.779	1.0	0.576	0.278	0.696	0.362	0.293	0.24	0.416	0.383	0.267	0.74
DE065N0:DE221C0	0.466	1	1	1	0	1	2	1	1	3	1	2	2	3	3	1.0	0.547	0.106	0.0	0.441	0.576	0.576	0.1	0.292	0.872	0.215	0.301	0.143	0.174
DE065N0:DE233C0	0.606	0	1	1	1	1	1	2	1	1	1	2	1	4	2	0.0	1.0	0.101	0.885	1.0	0.339	0.452	0.688	0.508	0.872	0.142	0.411	0.328	0.597
DE065N0:DE239C0	0.495	0	2	1	1	1	1	1	1	2	1	2	2	3	0	0.0	0.731	0.289	0.718	0.173	0.661	0.696	0.312	0.768	0.872	0.37	0.301	0.328	0.0
DE065N0:DE241C0	0.674	0	1	2	1	1	1	2	2	2	1	2	2	3	2	0.0	0.327	0.405	0.885	0.704	0.661	0.696	0.26	0.673	0.632	0.521	0.301	0.335	0.487
DE065N0:DE267C0	0.486	1	1	1	1	2	2	2	3	2	2	3	1	3	2	1.0	0.255	0.319	0.171	0.442	0.18	0.304	0.312	0.381	0.128	0.473	0.614	0.257	0.204
DE065N0:DE274C0	0.534	1	1	1	1	1	2	1	1	2	2	1	2	3	1	0.43	1.0	0.569	0.115	0.273	0.339	0.696	0.557	0.463	0.566	0.215	0.229	0.284	0.476
DE065N0:DE317C0	0.411	1	0	1	1	1	1	3	2	2	2	1	3	2	0	0.595	0.0	0.747	0.543	0.119	0.661	0.304	0.141	0.768	0.465	0.215	0.126	0.55	0.0
DE065N0:DE327C0	0.522	0	0	1	1	0	2	2	1	1	1	3	2	3	1	0.0	0.0	0.783	0.115	0.0	0.276	0.475	0.129	1.0	0.128	0.292	0.54	0.55	0.86
DE065N0:DE366C0	0.507	1	3	0	1	1	2	1	1	1	1	2	1	3	1	0.377	0.367	0.0	0.115	0.395	0.483	0.118	0.23	0.232	0.508	0.416	0.614	0.175	1.0
DE065N0:MKK2835.2G/	0.258	0	0	0	1	0	1	1	1	1	1	1	2	2	0	0.0	0.0	0.0	0.115	0.0	0.661	0.304	0.688	0.768	0.128	0.215	0.301	0.215	0.0
DE065N0:NHP1337.12C/	0.742	1	1	1	1	1	1	1	1	1	1	2	1	3	1	1.0	1.0	1.0	0.885	1.0	0.339	0.696	0.312	0.232	0.872	0.416	0.614	0.335	1.0
DE066N0:DE068N0	0.398	1	1	1	2	1	1	1	2	2	2	2	2	2	3	0.814	0.258	0.523	0.427	0.211	0.12	1.0	0.179	0.182	0.256	0.135	0.253	0.108	0.353
DE066N0:DE077N0	0.438	0	1	0	1	1	1	2	1	2	2	2	1	2	3	0.0	0.731	0.0	0.714	0.371	1.0	0.619	0.393	0.24	0.185	0.309	0.356	0.084	0.238
DE066N0:DE133C0	0.569	1	1	1	1	2	1	1	1	2	2	1	1	3	3	0.529	0.388	0.319	0.746	0.359	1.0	0.619	0.149	0.24	0.452	0.865	0.443	0.294	0.295
DE066N0:DE135C0	0.493	2	0	1	2	0	2	2	2	1	2	1	2	1	3	0.546	0.0	0.286	0.563	0.0	0.582	0.386	0.777	0.58	0.276	0.19	0.317	0.845	0.134
DE066N0:DE141C0	0.377	0	1	2	1	0	0	1	1	1	2	1	2	2	2	0.0	1.0	0.783	0.259	0.0	0.0	0.097	0.149	0.182	0.452	0.076	0.212	0.578	0.268
DE066N0:DE150C0	0.535	2	1	1	1	2	1	1	1	2	1	2	3	2	3	0.471	0.612	0.681	0.254	0.432	0.424	0.381	0.851	0.286	0.548	0.259	0.319	0.441	0.158
DE066N0:DE165C0	0.543	1	1	1	0	1	1	2	2	3	2	2	4	4	4	0.223	0.326	0.641	0.0	0.513	0.806	0.381	0.715	0.387	0.199	0.337	0.141	0.182	0.305
DE066N0:DE166C0	0.469	1	0	1	1	1	1	2	1	2	2	1	2	1	2	1.0	0.0	0.618	0.267	0.243	0.211	0.381	0.851	0.24	0.452	0.519	0.345	0.2	0.295
DE066N0:DE194C0	0.491	2	1	0	1	0	1	2	1	1	2	1	2	2	3	0.397	1.0	0.0	0.236	0.0	0.506	0.199	0.851	0.578	0.452	0.865	0.289	0.267	0.295
DE066N0:DE205C0	0.504	1	2	1	1	1	1	2	1	3	2	1	2	2	1	0.882	0.339	0.595	0.282	0.143	0.781	0.407	0.141	0.666	0.452	0.704	0.443	0.23	0.268
DE066N0:DE216C0	0.582	1	1	2	1	1	2	1	1	3	1	2	2	2	3	0.766	0.15	0.779	0.843	0.576	0.267	0.619	0.489	0.189	0.548	0.387	0.536	0.442	0.26
DE066N0:DE221C0	0.488	0	1	1	1	1	1	1	2	3	2	1	2	3	2	0.0	0.453	0.106	0.165	0.441	0.424	0.499	0.605	0.342	0.452	0.292	0.345	0.267	0.389
DE066N0:DE233C0	0.583	1	0	1	1	1	1	2	1	3	2	2	3	3	3	1.0	0.0	0.101	1.0	1.0	1.0	0.452	0.149	0.241	0.452	0.23	0.443	0.414	0.132
DE066N0:DE239C0	0.549	1	1	1	1	1	0	1	1	1	2	2	2	2	3	1.0	0.079	0.289	0.603	0.173	0.0	0.619	0.851	0.76	0.452	0.485	0.34	0.366	0.387
DE066N0:DE241C0	0.53	1	1	2	1	1	0	2	2	2	1	2	1	2	1	1.0	0.673	0.405	1.0	0.704	0.0	0.619	0.198	0.433	0.452	0.406	0.345	0.614	0.318
DE066N0:DE267C0	0.463	0	1	1	2	2	1	2	2	2	1	3	2	2	3	0.0	0.745	0.319	0.171	0.442	0.318	0.381	0.291	0.182	0.213	0.28	0.443	0.421	0.182
DE066N0:DE274C0	0.444	1	0	1	0	1	2	1	2	2	1	1	3	2	3	0.57	0.0	0.569	0.0	0.209	0.518	0.619	0.149	0.238	0.276	0.135	0.342	0.185	0.454
DE066N0:DE317C0	0.493	1	1	1	1	1	0	3	3	2	1	1	2	2	3	0.405	1.0	0.747	0.657	0.119	0.0	0.381	0.356	0.578	0.189	0.135	0.23	0.268	0.387
DE066N0:DE327C0	0.467	1	1	1	0	0	1	2	1	2	1	2	2	3	3	1.0	1.0	0.783	0.0	0.0	0.323	0.398	1.0	0.513	0.272	0.157	0.284	0.251	0.171
DE066N0:DE366C0	0.37	1	2	0	0	1	1	0	2	2	2	1	2	3	2	0.623	0.245	0.0	0.0	0.395	0.517	0.0	0.458	0.24	0.452	0.696	0.443	0.081	0.158
DE066N0:MKK2835.2G/	0.361	1	1	0	0	0	0	1	1	1	1	1	1	2	3	1.0	1.0	0.0	0.0	0.0	0.0	0.381	0.149	0.578	0.272	0.135	0.345	0.267	0.387
DE066N0:NHP1337.12C/	0.638	0	0	1	1	1	1	1	1	2	2	1	2	2	2	0.0	0.0	1.0	1.0	1.0	1.0	0.619	0.851	0.24	0.452	0.865	0.443	0.578	0.158
DE068N0:DE077N0	0.523	1	2	1	2	2	1	2	2	1	2	2	2	1	1	0.186	0.269	0.477	0.268	0.296	0.12	0.64	0.458	0.832	0.733	0.204	0.253	0.755	0.332
DE068N0:DE133C0	0.391	2	1	1	1	3	1	1	2	2	1	1	2	2	1	0.529	0.842	0.158	0.427	0.219	0.12	0.64	0.53	0.552	0.455	0.118	0.202	0.312	0.164
DE068N0:DE135C0	0.513	2	2	1	2	2	2	2	2	1	1	1	3	2	3	0.546	0.585	0.795	0.311	0.492	0.142	0.407	0.223	0.168	0.196	0.797	0.427	0.179	0.483
DE068N0:DE141C0	0.551	1	1	2	2	2	1	1	2	2	1	1	2	2	3	0.186	0.258	0.523	0.305	0.492	0.88	0.076	0.53	0.732	0.455	0.603	0.427	0.176	0.278
DE068N0:DE150C0	0.527	2	1	2	1	3	2	1	1	1	2	2	2	3	2	0.373	0.158	0.523	0.573	0.296	0.576	0.36	0.179	0.363	0.196	0.42	0.329	0.219	0.735
DE068N0:DE165C0	0.54	2	2	2	1	1	2	2	1	2	2	3	3	2	3	0.223	0.585	0.523	0.305	0.704	0.194	0.36	0.47	0.26	0.196	0.305	0.338	0.449	0.19
DE068N0:DE166C0	0.581	1	2	2	1	2	1	2	1	1	1	3	2	4	3	0.814	0.585	0.523	0.573	0.296	0.67	0.36	0.179	0.832	0.455	0.481	0.186	0.379	0.198
DE068N0:DE194C0	0.456	2	1	1	0	2	2	2	1	1	1	1	1	2	2	0.255	0.258	0.477	0.0	0.492	0.495	0.199	0.179	0.168	0.455	0.118	0.381	0.65	0.532
DE068N0:DE205C0	0.542	2	3	1	1	2	2	2	1	2	1	2	2	2	3	0.814	0.353	0.118	0.573	0.492	0.219	0.407	0.53	0.236	0.804	0.161	0.427	0.65	0.225
DE068N0:DE216C0	0.54	1	1	2	2	2	3	1	2	1	2	2	2	2	3	0.58	0.585	0.523	0.427	0.296	0.35	0.64	0.362	0.571	0.196	0.351	0.533	0.275	0.475
DE068N0:DE221C0	0.529	1	2	1	2	2	2	1	2	3	1	2	1	4	2	0.186	0.158	0.628	0.305	0.492	0.576	0.52	0.47	0.307	0.455	0.797	0.174	0.307	0.259
DE068N0:DE233C0	0.528	1	2	1	2	1	1	2	2	2	1	3	3	3	3	0.814	0.585	0.377	0.427	0.211	0.12	0.452	0.53	0.323	0.455	0.228	0.279	0.105	0.483
DE068N0:DE239C0	0.455	1	2	2	2	2	1	1	1	2	1	2	2	3	2	0.814	0.585	0.477	0.153	0.492	0.88	0.64	0.179	0.168	0.455	0.203	0.174	0.191	0.164
DE068N0:DE241C0	0.606	1	2	2	2	1	1	2	3	2	2	4	2	2	3	0.814	0.367	0.405	0.427	0.508	0.88	0.64	0.292	0.327	0.455	0.436	0.32	0.105	0.343
DE068N0:DE267C0	0.417	1	2	1	2	2	2	2	2	2	3	3	2	3	3	0.186	0.258	0.158	0.178	0.055	0.399	0.36	0.355	0.619	0.349	0.206	0.427	0.175	0.101
DE068N0:DE274C0	0.53	1	2	1	1	2	2	1	2	3	2	2	2	4	2	0.384	0.459	0.092	0.305	0.296	0.279	0.64	0.399	0.3	0.217	0.679	0.174	0.233	0.653
DE068N0:DE317C0	0.591	2	1	1	2	2	1	3	3	2	3	2	3	3	2	0.405	0.258	0.27	0.268	0.492	0.88	0.36	0.292	0.168	0.388	0.679	0.372	0.377	0.164
DE068N0:DE327C0	0.606	1	1	2	1	2	2	2	2	2	2	1	3	2	2	0.814	0.258	0.523	0.305	0.492	0.281	0.419	0.183	0.247	0.349	0.666	0.427	0.665	0.62
DE068N0:DE366C0	0.571	2	2	1	1	2	2	1	2	1	1	2	2	4	2	0.617	0.353	0.477	0.305	0.492	0.483	0.062	0.292	0.832	0.804	0.168	0.427	0.283	0.62
DE068N0:MKK2835.2G/	0.562	1	1	1	1	2	1	1	2	1	2	2	2	2	2	0.814	0.258	0.477	0.305	0.492	0.88	0.36	0.53	0.168	0.349	0.679	0.32	0.65	0.164
DE068N0:NHP1337.12C/	0.438	1	2	1	2	1	1	1	1	1	1	1	2	2	2	0.186	0.585	0.523	0.427	0.211	0.12	0.64	0.179	0.832	0.455	0.118	0.427	0.105	0.62
DE077N0:DE133C0	0.628	1	2	1	1	2	1	1	1	2	1	3	3	2	2	0.471	0.388	0.681	0.46	0.273	1.0	0.814	0.458	0.72	0.371	0.314	0.356	0.379	0.403
DE077N0:DE135C0	0.387	1	1	2	3	2	2	2	1	0	1	2	2	0	2	0.092	0.269	0.501	0.394	0.5	0.582	0.581	0.32	0.0	0.267	0.204	0.341	0.0	0.195
DE077N0:DE141C0	0.401	1	1	1	0	2	0	1	1	1	1	4	2	2	2	1.0	0.731	0.087	0.0	0.5	0.0	0.098	0.458	0.732	0.371	0.204	0.341	0.108	0.405
DE077N0:DE150C0	0.424	1	1	1	2	2	1	1	1	1	2	3	2	1	1	0.156	0.343	0.319	0.286	0.359	0.424	0.186	0.542	0.532	0.267	0.25	0.484	0.219	0.474
DE077N0:DE165C0	0.506	1	2	1	1	1	1	2	1	2	2	1	3	3	3	0.777	0.326	0.359	0.286	0.13	0.806	0.227	0.257	0.353	0.267	0.417	0.638	0.346	0.156
DE077N0:DE166C0	0.509	0	1	1	2	2	1	2	1	1	1	2	3	1	3	0.0	0.269	0.382	0.286	0.5	0.211	0.345	0.542	1.0	0.371	0.204	0.175	0.632	0.372
DE077N0:DE194C0	0.563	1	1	1	2	2	1	1	1	0	1	3	3	1	3	0.348	0.731	1.0	0.286	0.5	0.506	0.536	0.542	0.0	0.371	0.309	0.427	0.692	0.243
DE077N0:DE205C0	0.603	1	3	1	2	2	1	2	2	3	1	2	2	2	3	0.118	0.339	0.405	0.286	0.357	0.781	0.407	0.458	0.158	0.733	0.309	0.356	0.692	0.326
DE077N0:DE216C0	0.563	1	2	1	1	2	2	1	2	2	2	3	2	3	2	0.234	0.269	0.146	0.557	0.424	0.267	0.814	0.542	0.571	0.267	0.333	0.356	0.25	0.474
DE077N0:DE221C0	0.495	1	1	2	2	2	1	1	2	2	1	2	2	2	3	1.0	0.184	0.523	0.286	0.13	0.424	0.694	0.247	0.378	0.371	0.204	0.484	0.282	0.403
DE077N0:DE233C0	0.501	0	1	1	1	1	1	2	1	2	1	3	2	2	2	0.0	0.269	0.899	0.714	0.371	1.0	0.452	0.458	0.492	0.371	0.25	0.356	0.308	0.195
DE077N0:DE239C0	0.447	0	2	1	1	2	0	1	1	1	1	3	3	2	2	0.0	0.269	0.711	0.885	0.326	0.0	0.814	0.542	0.134	0.371	0.25	0.175	0.308	0.254
DE077N0:DE241C0	0.436	0	2	1	1	2	0	2	1	1	2	1	2	1	3	0.0	0.673	0.379	0.714	0.371	0.0	0.76	0.26	0.327	0.371	0.174	0.175	0.302	0.363
DE077N0:DE267C0	0.551	1	1	1	3	2	1	2	3	1	3	5	2	2	2	1.0	1.0	0.681	0.286	0.312	0.318	0.191	0.44	0.619	0.362	0.129	0.356	0.241	0.198
DE077N0:DE274C0	0.5	1	1	1	1	2	2	1	1	2	2	2	2	2	3	0.43	0.143	0.431	0.286	0.5	0.518	0.814	0.327	0.3	0.267	0.25	0.484	0.233	0.339
DE077N0:DE317C0	0.438	1	1	1	2	2	0	3	2	1	2	2	2	1	2	0.595	0.731	0.253	0.657	0.38	0.0	0.217	0.175	0.099	0.638	0.25	0.198	0.377	0.254
DE077N0:DE327C0	0.509	0	1	1	1	2	1	2	1	1	2	3	2	1	2	0.0	0.731	0.217	0.286	0.5	0.323	0.539	0.359	0.247	0.364	0.333	0.341	0.527	0.597
DE077N0:DE366C0	0.546	1	3	1	1	2	1	1	0	1	1	2	2	2	2	0.377	0.269	1.0	0.286	0.13	0.517	0.236	0.0	1.0	0.733	0.309	0.356	0.464	0.474
DE077N0:MKK2835.2G/	0.421	0	1	1	1	2	0	1	1	0	2	2	2	1	2	0.0	0.731	1.0	0.286	0.5	0.0	0.186	0.458	0.0	0.362	0.25	0.175	0.692	0.254
DE077N0:NHP1337.12C/	0.579	1	1	0	1	1	1	1	1	1	1	3	2	1	2	1.0	0.269	0.0	0.714	0.371	1.0	0.814	0.542	1.0	0.371	0.309	0.356	0.308	0.474
DE133C0:DE135C0	0.451	1	1	2	2	2	2	1	1	2	1	1	1	1	2	0.638	0.612	0.205	0.563	0.368	0.582	0.638	0.223	0.148	0.385	0.325	0.673	0.284	0.244
DE133C0:DE141C0	0.48	1	1	2	2	2	0	1	1	2	1	2	1	2	3	0.471	0.388	0.13	0.259	0.368	0.0	0.284	1.0	0.453	1.0	0.168	0.481	0.411	0.203
DE133C0:DE150C0	0.203	1	0	0	0	0	1	0	0	3	1	1	2	2	0	0.373	0.0	0.0	0.0	0.0	0.424	0.0	0.0	0.532	0.256	0.259	0.322	0.175	0.0
DE133C0:DE165C0	0.52	2	2	0	1	3	1	1	1	2	1	2	4	3	2	0.471	0.612	0.0	0.254	0.359	0.806	0.227	0.285	0.353	0.308	0.242	0.259	0.472	0.506
DE133C0:DE166C0	0.445	1	1	1	0	2	1	1	0	2	1	1	2	2	3	0.529	0.612	0.063	0.0	0.368	0.211	0.345	0.0	0.72	1.0	0.41	0.225	0.244	0.428
DE133C0:DE194C0	0.518	2	1	1	2	2	1	1	0	2	1	1	2	1	2	0.255	0.388	0.681	0.254	0.368	0.506	0.337	0.0	0.148	1.0	1.0	0.427	0.379	0.354
DE133C0:DE205C0	0.556	2	3	2	0	3	1	1	1	3	1	1	1	3	2	0.529	0.358	0.405	0.0	0.368	0.781	0.407	0.709	0.158	0.615	0.839	0.775	0.379	0.212
DE133C0:DE216C0	0.445	1	2	2	2	2	2	1	1	3	1	2	2	3	1	0.295	0.612	0.098	0.746	0.176	0.267	1.0	0.362	0.292	0.24	0.523	0.467	0.115	0.146
DE133C0:DE221C0	0.499	1	1	2	1	3	1	1	2	2	1	1	2	1	2	0.471	0.159	0.372	0.089	0.359	0.424	0.889	0.295	0.378	1.0	0.155	0.328	0.267	0.567
DE133C0:DE233C0	0.617	1	1	2	1	2	1	1	1	2	1	1	2	2	2	0.529	0.612	0.681	0.742	0.359	1.0	0.452	1.0	0.492	1.0	0.23	0.496	0.621	0.242
DE133C0:DE239C0	0.522	1	2	1	2	3	0	1	0	1	1	1	2	2	1	0.529	0.612	0.392	0.464	0.368	0.0	1.0	0.0	0.057	1.0	0.485	0.225	0.328	0.886
DE133C0:DE241C0	0.43	1	2	2	1	2	0	1	2	1	1	2	1	1	2	0.529	0.388	0.276	0.746	0.176	0.0	0.76	0.542	0.074	0.76	0.297	0.225	0.621	0.114
DE133C0:DE267C0	0.562	1	2	1	2	3	1	1	2	2	1	3	1	2	2	0.471	0.388	1.0	0.171	0.241	0.318	0.191	0.207	0.339	0.059	0.416	0.775	0.55	0.624
DE133C0:DE274C0	0.495	1	1	2	1	1	2	1	1	1	1	0	2	2	2	0.099	0.486	0.431	0.254	0.544	0.518	1.0	0.869	0.315	0.566	0.0	0.314	0.42	0.258
DE133C0:DE317C0	0.365	2	1	2	1	3	0	2	2	1	1	0	1	0	1	0.471	0.388	0.319	0.404	0.368	0.0	0.217	0.367	0.057	0.465	0.0	0.253	0.0	0.886
DE133C0:DE327C0	0.3	1	1	1	1	2	1	1	1	1	0	2	1	1	2	0.529	0.388	0.102	0.254	0.368	0.323	0.539	0.183	0.074	0.0	0.292	0.616	0.133	0.171
DE133C0:DE366C0	0.533	2	2	1	1	2	1	1	1	2	1	1	1	2	1	0.529	0.367	0.681	0.254	0.727	0.517	0.422	0.542	0.72	0.636	0.832	0.775	0.175	0.114
DE133C0:MKK2835.2G/	0.37	1	1	1	1	2	0	0	1	2	0	0	1	1	1	0.529	0.388	0.681	0.254	0.368	0.0	0.0	1.0	0.148	0.0	0.0	0.225	0.379	0.886
DE133C0:NHP1337.12C/	0.629	1	1	1	1	2	1	1	0	2	1	1	1	1	1	0.471	0.612	0.319	0.746	0.359	1.0	1.0	0.0	0.72	1.0	1.0	0.775	0.621	0.114
DE135C0:DE141C0	0.486	1	0	2	2	1	1	2	1	1	1	2	2	2	1	0.092	0.0	0.286	0.181	1.0	0.142	0.233	0.223	0.268	0.385	0.599	0.706	0.678	0.392
DE135C0:DE150C0	0.586	2	1	2	3	2	2	2	1	1	2	1	2	2	2	0.373	0.388	0.319	0.139	0.359	0.424	0.233	0.777	0.468	0.615	0.416	0.329	0.512	0.483
DE135C0:DE165C0	0.509	2	1	2	2	1	2	1	2	1	1	2	2	2	2	0.223	0.674	0.359	0.181	0.487	0.582	0.129	0.715	0.387	0.923	0.345	0.384	0.137	0.258
DE135C0:DE166C0	0.489	2	1	2	3	1	2	3	1	0	1	2	0	2	2	0.546	1.0	0.382	0.139	0.786	0.211	0.254	0.777	0.0	0.385	0.481	0.0	0.284	0.462
DE135C0:DE194C0	0.59	2	0	2	2	1	2	3	1	1	1	1	2	1	1	0.454	0.0	0.501	0.439	1.0	0.506	0.337	0.777	1.0	0.385	0.325	0.206	0.322	0.836
DE135C0:DE205C0	0.448	2	2	2	2	1	2	2	1	2	0	2	1	2	2	0.546	0.367	0.205	0.139	0.857	0.582	0.174	0.068	0.519	0.0	0.325	0.898	0.172	0.339
DE135C0:DE216C0	0.573	2	1	2	1	1	1	1	1	1	2	2	2	2	2	0.362	0.85	0.286	0.563	0.424	0.267	0.638	0.416	0.293	0.615	0.34	0.464	0.374	0.338
DE135C0:DE221C0	0.532	1	1	2	2	1	2	2	2	2	1	1	1	3	2	0.092	0.547	0.628	0.32	0.559	0.424	0.638	0.605	0.397	0.385	0.863	0.226	0.322	0.287
DE135C0:DE233C0	0.582	2	1	2	2	0	2	2	1	1	1	2	2	2	1	0.546	1.0	0.408	0.555	0.0	0.582	0.219	0.223	0.241	0.385	0.228	0.394	0.43	1.0
DE135C0:DE239C0	0.461	2	2	2	2	1	1	1	1	1	1	1	1	1	1	0.546	0.731	0.509	0.398	0.827	0.142	0.638	0.777	0.866	0.385	0.19	0.051	0.45	0.258
DE135C0:DE241C0	0.508	2	1	2	2	1	1	2	2	1	1	3	1	1	3	0.546	0.327	0.285	0.563	0.296	0.142	0.527	0.223	0.673	0.145	0.436	0.102	0.698	0.457
DE135C0:DE267C0	0.513	1	1	2	3	1	2	2	2	1	2	3	1	2	2	0.092	0.255	0.205	0.32	0.317	0.112	0.464	0.233	0.381	0.452	0.325	0.898	0.437	0.422
DE135C0:DE274C0	0.557	2	1	2	2	1	2	1	2	2	2	1	2	3	2	0.362	1.0	0.205	0.181	0.727	0.724	0.638	0.223	0.463	0.434	0.675	0.212	0.269	0.343
DE135C0:DE317C0	0.498	2	0	1	3	1	1	2	3	1	2	1	3	2	1	0.405	0.0	0.491	0.337	0.881	0.142	0.195	0.356	0.901	0.263	0.675	0.198	0.352	0.261
DE135C0:DE327C0	0.663	2	0	2	2	1	1	2	1	1	1	1	2	3	1	0.546	0.0	0.286	0.181	1.0	0.181	0.76	1.0	0.753	0.615	0.869	0.841	0.335	0.597
DE135C0:DE366C0	0.526	1	3	2	2	1	2	2	2	0	0	2	1	3	2	0.546	0.358	0.501	0.181	0.605	0.517	0.293	0.458	0.0	0.0	0.325	0.898	0.166	0.597
DE135C0:MKK2835.2G/	0.431	2	0	2	2	1	1	2	1	1	1	1	1	1	1	0.546	0.0	0.509	0.181	1.0	0.142	0.233	0.223	1.0	0.615	0.675	0.102	0.322	0.242
DE135C0:NHP1337.12C/	0.569	1	1	1	2	0	2	1	1	0	1	1	1	1	2	0.092	1.0	0.286	0.563	0.0	0.582	0.638	0.777	0.0	0.385	0.325	0.898	0.678	0.597
DE141C0:DE150C0	0.467	1	1	2	1	2	1	1	0	1	1	2	1	3	2	0.156	0.612	0.681	0.487	0.359	0.576	0.716	0.0	0.264	0.256	0.573	0.329	0.269	0.278
DE141C0:DE165C0	0.418	1	1	2	1	1	1	1	1	2	1	3	2	2	3	0.777	0.326	0.641	0.741	0.487	0.194	0.49	0.285	0.26	0.308	0.229	0.395	0.287	0.164
DE141C0:DE166C0	0.454	0	0	2	1	1	1	2	0	1	1	2	1	2	2	0.0	0.0	0.618	0.475	0.786	0.789	0.229	0.0	0.732	1.0	0.405	0.159	0.284	0.2
DE141C0:DE194C0	0.434	1	1	1	2	1	1	2	0	1	1	2	1	1	3	0.348	1.0	0.087	0.342	1.0	0.494	0.464	0.0	0.268	1.0	0.168	0.206	0.103	0.392
DE141C0:DE205C0	0.484	1	2	2	1	1	1	1	1	3	1	2	1	1	2	0.118	0.339	0.379	0.459	0.857	0.219	0.309	0.709	0.147	0.615	0.168	0.706	0.143	0.444
DE141C0:DE216C0	0.488	1	1	2	2	1	2	1	1	2	1	3	2	2	2	0.234	0.15	0.87	0.259	0.424	0.35	0.284	0.362	0.571	0.24	0.351	0.464	0.403	0.242
DE141C0:DE221C0	0.466	1	1	2	1	1	1	2	2	3	1	1	0	3	2	1.0	0.453	0.106	0.577	0.559	0.576	0.284	0.295	0.208	1.0	0.632	0.0	0.143	0.321
DE141C0:DE233C0	0.456	0	0	1	1	0	0	1	1	2	1	2	2	3	1	0.0	0.0	0.217	0.259	0.0	0.0	0.265	1.0	0.268	1.0	0.375	0.279	0.542	0.392
DE141C0:DE239C0	0.443	0	1	2	1	1	1	1	0	2	1	2	1	3	2	0.0	0.079	0.289	0.115	0.827	1.0	0.284	0.0	0.268	1.0	0.347	0.141	0.472	0.186
DE141C0:DE241C0	0.568	0	1	2	1	1	1	0	2	2	1	2	1	2	3	0.0	0.673	0.405	0.259	0.296	1.0	0.0	0.542	0.327	0.76	0.436	0.294	0.79	0.392
DE141C0:DE267C0	0.505	1	1	2	2	1	2	2	2	2	1	4	1	1	2	1.0	0.745	0.13	0.312	0.317	0.518	0.274	0.207	0.619	0.059	0.206	0.706	0.549	0.204
DE141C0:DE274C0	0.509	1	1	2	1	1	1	1	1	3	1	1	1	2	3	0.43	0.126	0.352	0.741	0.727	0.279	0.284	0.869	0.3	0.566	0.757	0.117	0.288	0.164
DE141C0:DE317C0	0.553	1	1	2	1	1	1	2	2	2	1	1	3	2	2	0.595	1.0	0.531	0.084	0.881	1.0	0.247	0.367	0.268	0.465	0.757	0.294	0.352	0.186
DE141C0:DE327C0	0.596	0	1	1	1	1	2	1	1	2	0	3	2	2	2	0.0	1.0	0.87	0.741	1.0	0.401	0.221	0.183	0.268	0.0	0.576	0.706	0.335	0.405
DE141C0:DE366C0	0.539	1	2	1	1	1	1	2	1	1	1	2	1	3	2	0.377	0.245	0.087	0.741	0.605	0.483	0.578	0.542	0.732	0.636	0.168	0.706	0.149	0.392
DE141C0:MKK2835.2G/	0.486	0	1	1	1	1	1	1	1	1	0	1	1	1	2	0.0	1.0	0.087	0.741	1.0	1.0	0.716	1.0	0.268	0.0	0.757	0.294	0.103	0.203
DE141C0:NHP1337.12C/	0.514	1	0	2	1	0	0	1	0	1	1	2	1	2	2	1.0	0.0	0.783	0.259	0.0	0.0	0.284	0.0	0.732	1.0	0.168	0.706	0.79	0.392
DE150C0:DE165C0	0.498	2	1	1	1	2	2	1	1	2	2	2	2	2	2	0.223	0.062	1.0	0.746	0.154	0.424	0.773	0.715	0.353	0.621	0.117	0.516	0.103	0.19
DE150C0:DE166C0	0.533	2	1	2	1	3	1	2	1	1	1	2	2	2	2	0.471	0.388	0.618	1.0	0.359	0.365	0.513	1.0	0.532	0.256	0.222	0.351	0.488	0.198
DE150C0:DE194C0	0.558	3	1	1	2	2	2	2	1	1	1	1	2	2	1	0.397	0.612	0.319	0.422	0.359	0.494	0.464	1.0	0.468	0.256	0.259	0.573	0.328	0.532
DE150C0:DE205C0	0.484	2	2	1	1	2	2	1	1	3	1	1	2	3	2	0.373	0.254	0.276	1.0	0.216	0.424	0.593	0.291	0.321	0.123	0.098	0.329	0.219	0.449
DE150C0:DE216C0	0.56	2	1	2	1	3	3	0	1	2	1	2	3	2	2	0.471	0.238	0.681	0.097	0.359	0.276	0.0	0.638	0.136	1.0	0.218	0.329	0.212	0.74
DE150C0:DE221C0	0.529	1	2	2	2	2	1	1	1	2	1	2	1	4	2	0.156	0.453	0.319	0.746	0.13	1.0	0.111	0.605	0.378	0.256	0.449	0.671	0.328	0.174
DE150C0:DE233C0	0.483	2	1	1	1	2	1	1	0	1	1	1	2	2	2	0.471	0.388	0.219	0.258	0.368	0.424	0.548	0.0	0.732	0.256	0.543	0.504	0.185	0.483
DE150C0:DE239C0	0.417	2	2	2	2	2	1	0	1	1	1	2	2	1	1	0.471	0.189	0.319	0.282	0.185	0.576	0.0	1.0	0.335	0.256	0.515	0.351	0.319	0.114
DE150C0:DE241C0	0.444	2	1	2	1	3	1	1	1	1	0	3	1	2	2	0.471	0.285	0.405	0.254	0.368	0.576	0.24	0.198	0.141	0.0	0.335	0.351	0.269	0.487
DE150C0:DE267C0	0.427	1	1	0	3	3	2	2	2	1	2	2	2	2	2	0.156	0.357	0.0	0.383	0.168	0.163	0.536	0.44	0.15	0.452	0.471	0.329	0.185	0.171
DE150C0:DE274C0	0.539	2	2	1	1	2	2	0	1	2	2	1	2	2	2	0.471	0.388	0.25	0.746	0.359	0.424	0.0	0.131	0.089	0.434	0.741	0.671	0.672	0.497
DE150C0:DE317C0	0.475	1	1	1	2	2	1	2	2	1	1	1	3	3	1	0.529	0.612	0.428	0.343	0.239	0.576	0.531	0.356	0.369	0.263	0.741	0.253	0.271	0.114
DE150C0:DE327C0	0.598	2	1	2	1	2	1	2	1	1	1	2	2	4	1	0.471	0.612	0.681	0.746	0.359	0.276	0.24	0.817	0.221	0.744	0.449	0.329	0.269	0.714
DE150C0:DE366C0	0.514	2	2	1	1	1	2	1	1	1	1	1	2	4	1	0.373	0.344	0.319	0.746	0.13	0.483	0.578	0.458	0.532	0.108	0.091	0.329	0.166	0.886
DE150C0:MKK2835.2G/	0.498	2	1	1	1	2	1	1	0	1	1	1	1	2	1	0.471	0.612	0.319	0.746	0.359	0.576	1.0	0.0	0.468	0.744	0.741	0.351	0.328	0.114
DE150C0:NHP1337.12C/	0.502	1	1	1	1	2	1	0	1	1	1	1	2	2	1	0.156	0.388	0.681	0.254	0.368	0.424	0.0	1.0	0.532	0.256	0.259	0.329	0.269	0.886
DE165C0:DE166C0	0.527	1	1	1	1	1	0	2	1	2	1	3	3	2	3	0.223	0.674	1.0	0.733	0.273	0.0	0.513	0.715	0.353	0.308	0.337	0.188	0.346	0.428
DE165C0:DE194C0	0.55	1	1	1	2	1	2	2	1	1	1	2	4	3	2	0.603	0.326	0.359	0.422	0.487	0.506	0.238	0.715	0.387	0.308	0.242	0.329	0.335	0.354
DE165C0:DE205C0	0.489	2	2	1	1	2	1	2	0	3	1	3	3	2	1	0.223	0.358	0.236	0.718	0.487	1.0	0.593	0.0	0.565	0.077	0.242	0.395	0.335	0.056
DE165C0:DE216C0	0.5	0	2	2	1	1	3	1	1	3	2	3	3	3	1	0.0	0.711	0.641	0.157	0.089	0.267	0.227	0.353	0.26	0.615	0.229	0.444	0.378	0.494
DE165C0:DE221C0	0.56	1	1	2	1	2	2	1	1	3	1	2	3	3	3	0.788	0.221	0.359	0.835	0.487	0.424	0.106	0.9	0.265	0.308	0.454	0.329	0.267	0.191
DE165C0:DE233C0	0.48	1	1	1	0	1	1	2	1	2	1	4	3	4	2	0.223	0.674	0.259	0.0	0.513	0.806	0.548	0.285	0.508	0.308	0.228	0.191	0.137	0.258
DE165C0:DE239C0	0.502	1	2	2	2	2	1	1	1	2	1	3	3	3	2	0.223	0.674	0.359	0.282	0.487	0.194	0.227	0.715	0.387	0.308	0.181	0.188	0.321	0.506
DE165C0:DE241C0	0.345	1	2	2	0	1	1	2	2	2	2	3	3	3	1	0.223	0.327	0.405	0.0	0.216	0.194	0.247	0.285	0.32	0.145	0.337	0.188	0.137	0.153
DE165C0:DE267C0	0.446	1	2	0	2	1	1	1	2	1	3	2	3	3	1	0.788	0.326	0.0	0.383	0.241	0.482	0.536	0.233	0.26	0.452	0.229	0.395	0.241	0.334
DE165C0:DE274C0	0.46	1	1	1	1	1	1	1	2	2	2	3	2	2	3	0.208	0.674	0.21	1.0	0.214	0.518	0.227	0.285	0.148	0.434	0.339	0.329	0.105	0.258
DE165C0:DE317C0	0.537	2	1	1	1	2	1	2	3	2	3	3	4	2	2	0.595	0.326	0.388	0.343	0.487	0.194	0.529	0.356	0.387	0.263	0.305	0.198	0.257	0.506
DE165C0:DE327C0	0.547	1	1	2	1	1	2	1	2	1	2	2	2	1	2	0.223	0.326	0.641	1.0	0.487	0.323	0.247	0.715	0.647	0.615	0.345	0.395	0.449	0.19
DE165C0:DE366C0	0.539	2	2	1	1	2	2	1	2	2	1	3	3	3	1	0.377	0.367	0.359	1.0	0.487	0.517	0.352	0.458	0.353	0.077	0.242	0.395	0.234	0.19
DE165C0:MKK2835.2G/	0.552	1	1	1	1	1	1	1	1	1	2	3	3	3	2	0.223	0.326	0.359	1.0	0.487	0.194	0.773	0.285	0.387	0.615	0.305	0.188	0.335	0.506
DE165C0:NHP1337.12C/	0.448	1	1	1	0	1	1	1	1	2	1	2	3	3	1	0.777	0.674	0.641	0.0	0.513	0.806	0.227	0.715	0.353	0.308	0.241	0.395	0.137	0.19
DE166C0:DE194C0	0.542	2	0	1	2	1	1	2	1	0	1	1	3	2	3	0.397	0.0	0.382	0.422	0.786	0.283	0.199	1.0	0.0	1.0	0.41	0.284	0.379	0.354
DE166C0:DE205C0	0.431	1	2	1	1	1	0	2	1	3	1	2	1	2	1	0.882	0.358	0.213	1.0	0.643	0.0	0.513	0.291	0.158	0.615	0.41	0.136	0.335	0.2
DE166C0:DE216C0	0.462	1	1	2	1	2	2	1	1	2	1	1	2	2	2	0.766	0.85	0.618	0.11	0.424	0.35	0.345	0.638	0.571	0.24	0.765	0.136	0.221	0.198
DE166C0:DE221C0	0.578	0	1	2	2	1	1	1	1	2	1	2	2	4	3	0.0	0.547	0.382	0.733	0.345	0.365	0.487	0.605	0.378	1.0	0.481	0.672	0.253	0.174
DE166C0:DE233C0	0.509	1	1	1	1	1	1	1	0	2	1	2	2	2	2	1.0	1.0	0.282	0.267	0.214	0.211	0.857	0.0	0.492	1.0	0.228	0.224	0.253	0.462
DE166C0:DE239C0	0.657	1	2	2	2	1	1	1	1	1	1	1	1	2	2	1.0	0.731	0.382	0.282	0.613	0.789	0.345	1.0	0.134	1.0	0.109	1.0	0.466	0.428
DE166C0:DE241C0	0.553	1	1	2	1	2	1	2	1	1	1	3	1	2	3	1.0	0.327	0.405	0.267	0.296	0.789	0.345	0.198	0.327	0.76	0.406	0.864	0.284	0.2
DE166C0:DE267C0	0.448	0	1	1	3	2	1	2	2	1	1	2	1	1	2	0.0	0.255	0.063	0.383	0.317	0.518	0.726	0.44	0.619	0.059	0.307	0.136	0.337	0.374
DE166C0:DE274C0	0.572	1	1	1	1	2	1	1	1	2	1	2	2	2	2	0.57	0.874	0.187	0.733	0.727	0.482	0.345	0.131	0.3	0.566	0.481	0.57	0.502	0.258
DE166C0:DE317C0	0.545	1	0	1	2	1	1	2	2	1	1	2	2	3	2	0.405	0.0	0.365	0.343	0.667	0.789	0.726	0.356	0.099	0.465	0.481	0.437	0.377	0.428
DE166C0:DE327C0	0.516	1	0	2	1	1	2	3	1	1	0	2	0	4	3	1.0	0.0	0.618	0.733	0.786	0.401	0.266	0.817	0.249	0.0	0.349	0.0	0.328	0.2
DE166C0:DE366C0	0.501	1	3	1	1	1	1	2	1	1	1	2	1	3	2	0.623	0.367	0.382	0.733	0.391	0.272	0.143	0.458	1.0	0.636	0.41	0.136	0.464	0.2
DE166C0:MKK2835.2G/	0.497	1	0	1	1	1	1	2	0	0	0	2	1	2	2	1.0	0.0	0.382	0.733	0.786	0.789	0.513	0.0	0.0	0.0	0.481	0.864	0.379	0.428
DE166C0:NHP1337.12C/	0.502	0	1	1	1	1	1	1	1	1	1	1	1	2	2	0.0	1.0	0.618	0.267	0.214	0.211	0.345	1.0	1.0	1.0	0.41	0.136	0.284	0.2
DE194C0:DE205C0	0.592	2	2	1	2	1	2	2	1	2	1	1	2	2	2	0.28	0.339	0.405	0.422	0.857	0.506	0.199	0.291	0.519	0.615	0.839	0.289	0.851	0.339
DE194C0:DE216C0	0.444	1	1	1	2	1	3	1	1	1	1	2	2	2	1	0.397	0.15	0.147	0.236	0.424	0.276	0.337	0.638	0.293	0.24	0.523	0.311	0.443	0.415
DE194C0:DE221C0	0.594	1	1	2	2	1	2	2	1	2	1	1	2	2	3	0.348	0.453	0.523	0.422	0.57	0.494	0.337	0.605	0.397	1.0	0.155	0.573	0.59	0.114
DE194C0:DE233C0	0.393	2	0	1	1	0	1	1	0	1	1	1	3	1	1	0.397	0.0	0.899	0.236	0.0	0.506	0.199	0.0	0.241	1.0	0.23	0.289	0.082	0.836
DE194C0:DE239C0	0.557	2	1	1	3	1	1	1	1	1	1	1	3	1	1	0.397	0.079	0.711	0.282	0.827	0.494	0.332	1.0	0.866	1.0	0.485	0.284	0.191	0.354
DE194C0:DE241C0	0.426	2	1	1	1	1	1	1	1	1	1	2	2	0	2	0.397	0.673	0.379	0.236	0.296	0.494	0.536	0.198	0.673	0.76	0.297	0.284	0.0	0.457
DE194C0:DE267C0	0.446	1	1	1	2	1	1	2	2	1	1	3	2	2	2	0.348	0.745	0.681	0.554	0.317	0.163	0.274	0.44	0.381	0.059	0.416	0.289	0.241	0.204
DE194C0:DE274C0	0.463	2	0	1	2	1	1	1	1	2	1	0	2	2	2	0.397	0.0	0.431	0.422	0.727	0.797	0.337	0.131	0.463	0.566	0.0	0.573	0.233	0.343
DE194C0:DE317C0	0.494	2	1	1	2	1	1	2	2	1	1	0	1	1	1	0.255	1.0	0.253	0.343	0.881	0.494	0.199	0.356	0.901	0.465	0.0	0.481	0.648	0.354
DE194C0:DE327C0	0.589	2	1	1	2	1	2	2	1	1	0	2	2	2	2	0.397	1.0	0.217	0.422	1.0	0.276	0.536	0.817	0.753	0.0	0.292	0.206	0.394	0.646
DE194C0:DE366C0	0.606	1	2	1	2	1	1	2	1	0	1	1	2	3	1	0.255	0.245	1.0	0.422	0.605	1.0	0.462	0.458	0.0	0.636	0.832	0.289	0.271	0.646
DE194C0:MKK2835.2G/	0.564	2	1	1	2	1	1	2	0	1	0	0	2	1	1	0.397	1.0	1.0	0.422	1.0	0.494	0.464	0.0	1.0	0.0	0.0	0.284	1.0	0.354
DE194C0:NHP1337.12C/	0.435	1	0	0	1	0	1	1	1	0	1	1	2	0	1	0.348	0.0	0.0	0.236	0.0	0.506	0.337	1.0	0.0	1.0	1.0	0.289	0.0	0.646
DE205C0:DE216C0	0.505	1	3	2	1	1	3	1	2	3	1	1	2	2	2	0.648	0.358	0.374	0.125	0.281	0.267	0.407	0.362	0.176	0.145	0.523	0.467	0.49	0.449
DE205C0:DE221C0	0.513	1	2	1	2	2	2	1	1	2	1	2	1	3	3	0.118	0.095	0.477	0.718	0.559	0.424	0.287	0.1	0.524	0.615	0.161	0.328	0.44	0.374
DE205C0:DE233C0	0.531	1	2	2	1	1	1	1	1	4	1	2	2	2	2	0.882	0.358	0.405	0.282	0.143	0.781	1.0	0.709	0.241	0.615	0.23	0.496	0.083	0.339
DE205C0:DE239C0	0.389	1	2	1	2	1	1	1	1	2	1	1	1	2	1	0.882	0.358	0.116	0.282	1.0	0.219	0.407	0.291	0.666	0.615	0.324	0.153	0.212	0.212
DE205C0:DE241C0	0.453	1	2	1	1	1	1	2	2	3	2	2	0	1	2	0.882	0.698	0.217	0.282	0.153	0.219	0.407	0.26	0.339	0.615	0.297	0.0	0.087	0.543
DE205C0:DE267C0	0.582	1	3	2	3	2	2	2	3	2	2	3	1	2	2	0.118	0.339	0.405	0.383	0.317	0.262	0.536	0.291	0.147	0.385	0.416	1.0	0.241	0.551
DE205C0:DE274C0	0.42	1	2	1	1	1	1	1	1	3	1	1	2	2	2	0.452	0.227	1.0	0.718	0.584	0.518	0.407	0.579	0.238	0.181	0.161	0.314	0.233	0.191
DE205C0:DE317C0	0.503	2	2	2	2	1	1	3	2	2	2	1	2	1	1	0.405	0.339	0.595	0.343	1.0	0.219	0.531	0.141	0.666	0.352	0.161	0.198	0.648	0.212
DE205C0:DE327C0	0.542	1	2	1	1	1	2	2	1	3	1	1	1	2	2	0.882	0.339	0.379	0.718	0.857	0.323	0.24	0.107	0.419	0.385	0.292	0.841	0.394	0.339
DE205C0:DE366C0	0.677	2	2	1	1	2	2	1	1	3	1	1	1	3	2	0.623	0.612	0.405	0.718	0.605	0.517	0.171	0.252	0.158	1.0	1.0	1.0	0.278	0.449
DE205C0:MKK2835.2G/	0.474	1	2	1	1	1	1	1	1	2	1	1	0	2	1	0.882	0.339	0.405	0.718	0.857	0.219	0.593	0.709	0.519	0.385	0.161	0.0	0.85	0.212
DE205C0:NHP1337.12C/	0.526	1	2	1	1	1	1	1	1	3	1	1	1	1	2	0.118	0.358	0.595	0.282	0.143	0.781	0.407	0.291	0.158	0.615	0.839	1.0	0.083	0.449
DE216C0:DE221C0	0.404	1	1	2	0	0	3	1	2	1	1	2	2	2	3	0.234	0.397	0.146	0.0	0.0	0.276	0.88	0.344	0.128	0.24	0.351	0.328	0.538	0.174
DE216C0:DE233C0	0.468	1	1	1	1	1	2	1	1	3	1	1	2	3	2	0.766	0.85	0.221	0.843	0.576	0.267	0.452	0.362	0.268	0.24	0.102	0.467	0.194	0.338
DE216C0:DE239C0	0.465	1	1	2	1	1	2	1	1	2	1	1	2	2	1	0.766	0.731	0.289	0.718	0.25	0.35	1.0	0.638	0.293	0.24	0.126	0.153	0.573	0.26
DE216C0:DE241C0	0.514	1	2	2	1	2	2	1	2	2	0	2	1	2	3	0.766	0.327	0.405	0.843	0.576	0.35	0.76	0.26	0.327	0.0	0.319	0.068	0.374	0.325
DE216C0:DE267C0	0.481	1	2	2	1	2	3	1	2	1	2	3	2	2	1	0.234	0.255	0.098	0.171	0.442	0.251	0.191	0.44	0.864	0.452	0.416	0.467	0.201	0.171
DE216C0:DE274C0	0.536	2	1	2	1	2	2	1	1	2	2	1	3	2	1	0.57	0.724	0.348	0.157	0.424	0.267	1.0	0.231	0.626	0.434	0.351	0.314	0.2	0.742
DE216C0:DE317C0	0.426	1	1	2	1	1	2	2	2	2	1	1	2	2	1	0.17	0.15	0.526	0.501	0.304	0.35	0.217	0.271	0.293	0.263	0.351	0.303	0.479	0.26
DE216C0:DE327C0	0.579	1	1	1	1	1	2	1	1	2	1	2	2	2	1	0.766	0.15	0.925	0.157	0.424	0.383	0.539	0.455	0.293	0.76	0.477	0.464	0.287	0.569
DE216C0:DE366C0	0.46	1	2	1	1	0	3	1	1	2	1	1	2	3	1	0.389	0.367	0.147	0.157	0.0	0.276	0.422	0.096	0.571	0.124	0.519	0.467	0.214	0.74
DE216C0:MKK2835.2G/	0.339	1	1	1	1	1	2	0	1	1	1	1	1	2	1	0.766	0.15	0.146	0.157	0.424	0.35	0.0	0.362	0.293	0.76	0.351	0.068	0.443	0.26
DE216C0:NHP1337.12C/	0.661	1	1	2	1	1	2	1	1	2	1	2	2	2	1	0.234	0.85	0.779	0.843	0.576	0.267	1.0	0.638	0.571	0.24	0.523	0.467	0.374	0.74
DE221C0:DE233C0	0.49	0	1	2	1	1	1	1	2	2	1	3	2	2	2	0.0	0.547	0.422	0.165	0.441	0.424	0.331	0.295	0.635	1.0	0.25	0.328	0.248	0.287
DE221C0:DE239C0	0.58	0	2	2	1	2	1	1	1	2	1	2	2	2	2	0.0	0.278	0.523	0.282	0.559	0.576	0.88	0.605	0.524	1.0	0.223	0.672	0.191	0.453
DE221C0:DE241C0	0.465	0	1	1	1	1	1	1	3	3	1	3	1	2	4	0.0	0.126	0.306	0.165	0.144	0.576	0.64	0.295	0.197	0.76	0.436	0.672	0.143	0.174
DE221C0:DE267C0	0.423	1	1	2	2	2	2	2	2	3	1	3	1	3	3	1.0	0.198	0.372	0.446	0.241	0.163	0.191	0.353	0.128	0.059	0.206	0.328	0.098	0.363
DE221C0:DE274C0	0.564	1	1	1	1	1	2	1	1	2	1	2	1	4	2	0.43	0.547	0.372	0.835	0.286	0.424	0.88	0.295	0.238	0.566	0.708	0.883	0.143	0.259
DE221C0:DE317C0	0.56	1	1	2	2	2	1	2	2	2	1	2	2	2	2	0.595	0.453	0.253	0.343	0.559	0.576	0.195	0.356	0.524	0.465	0.708	0.245	0.59	0.453
DE221C0:DE327C0	0.441	0	1	2	1	1	1	2	2	3	0	1	1	3	2	0.0	0.453	0.217	0.835	0.559	0.276	0.539	0.605	0.277	0.0	0.731	0.169	0.319	0.146
DE221C0:DE366C0	0.6	1	3	2	1	1	2	2	2	2	1	2	1	2	3	0.377	0.197	0.523	0.835	1.0	0.483	0.422	0.358	0.378	0.636	0.168	0.328	0.656	0.174
DE221C0:MKK2835.2G/	0.553	0	1	2	1	1	1	1	2	2	0	2	1	2	2	0.0	0.453	0.523	0.835	0.559	0.576	0.12	0.295	0.397	0.0	0.708	0.672	0.59	0.453
DE221C0:NHP1337.12C/	0.447	1	1	1	1	1	1	1	1	2	1	1	1	2	3	1.0	0.547	0.106	0.165	0.441	0.424	0.88	0.605	0.378	1.0	0.155	0.328	0.143	0.174
DE233C0:DE239C0	0.483	1	2	1	1	1	0	1	0	2	1	1	2	3	1	1.0	0.731	0.611	0.603	0.173	0.0	0.452	0.0	0.241	1.0	0.772	0.224	0.359	0.258
DE233C0:DE241C0	0.606	1	1	2	1	1	0	2	2	2	1	4	1	2	3	1.0	0.327	0.379	1.0	0.704	0.0	0.452	0.542	0.268	0.76	0.137	0.224	0.752	0.457
DE233C0:DE267C0	0.481	0	1	2	2	2	1	1	2	2	1	1	2	1	2	0.0	0.255	0.681	0.171	0.442	0.318	0.726	0.207	0.268	0.059	0.057	0.496	0.764	0.422
DE233C0:DE274C0	0.535	1	1	2	0	1	2	1	1	1	1	2	3	2	2	0.57	0.874	0.431	0.0	0.273	0.518	0.452	0.869	0.148	0.566	0.543	0.314	0.42	0.344
DE233C0:DE317C0	0.378	1	0	2	1	1	0	2	2	2	1	2	2	2	1	0.405	0.0	0.253	0.657	0.119	0.0	0.726	0.367	0.241	0.465	0.543	0.175	0.166	0.258
DE233C0:DE327C0	0.351	1	0	1	0	0	1	2	1	1	0	2	2	3	1	1.0	0.0	0.116	0.0	0.0	0.323	0.24	0.183	0.508	0.0	0.25	0.337	0.166	0.597
DE233C0:DE366C0	0.558	1	3	1	0	1	1	1	1	2	1	2	2	3	2	0.623	0.367	0.899	0.0	0.395	0.517	0.127	0.542	0.492	0.636	0.23	0.496	0.248	0.597
DE233C0:MKK2835.2G/	0.314	1	0	1	0	0	0	1	1	1	0	2	1	1	1	1.0	0.0	0.899	0.0	0.0	0.0	0.548	1.0	0.241	0.0	0.543	0.224	0.082	0.239
DE233C0:NHP1337.12C/	0.685	0	1	1	1	1	1	1	0	2	1	1	2	2	2	0.0	1.0	0.101	1.0	1.0	1.0	0.452	0.0	0.492	1.0	0.23	0.496	0.752	0.597
DE239C0:DE241C0	0.551	1	2	2	1	1	1	1	1	2	1	3	1	2	1	1.0	0.327	0.379	0.603	0.123	1.0	0.76	0.198	0.673	0.76	0.11	0.847	0.45	0.056
DE239C0:DE267C0	0.401	0	2	1	2	2	2	1	2	2	1	2	1	2	1	0.0	0.255	0.392	0.282	0.317	0.518	0.195	0.44	0.381	0.059	0.265	0.153	0.288	0.624
DE239C0:DE274C0	0.557	1	2	1	2	1	1	1	1	2	1	1	2	3	2	0.57	0.731	0.142	0.279	0.554	0.279	1.0	0.131	0.463	0.566	0.515	0.57	0.319	0.258
DE239C0:DE317C0	0.645	1	1	0	2	2	1	2	2	1	1	1	2	2	1	0.405	0.079	0.0	0.543	0.827	1.0	0.217	0.356	1.0	0.465	0.515	0.419	0.384	1.0
DE239C0:DE327C0	0.45	1	1	2	2	1	2	1	1	2	0	2	0	3	1	1.0	0.079	0.289	0.282	0.827	0.401	0.539	0.817	0.753	0.0	0.223	0.0	0.384	0.171
DE239C0:DE366C0	0.409	1	2	1	2	2	1	1	1	1	1	1	1	3	0	0.623	0.388	0.711	0.282	0.605	0.483	0.422	0.458	0.134	0.636	0.316	0.153	0.398	0.0
DE239C0:MKK2835.2G/	0.543	1	1	1	2	1	1	0	0	1	0	1	1	1	1	1.0	0.079	0.711	0.282	0.827	1.0	0.0	0.0	0.866	0.0	0.515	0.847	0.191	1.0
DE239C0:NHP1337.12C/	0.457	0	2	1	1	1	0	1	1	1	1	1	1	2	0	0.0	0.731	0.289	0.603	0.173	0.0	1.0	1.0	0.134	1.0	0.485	0.153	0.45	0.0
DE241C0:DE267C0	0.463	0	2	2	2	2	2	2	3	2	2	3	0	1	3	0.0	0.673	0.276	0.171	0.442	0.518	0.24	0.12	0.381	0.24	0.364	0.0	0.688	0.204
DE241C0:DE274C0	0.505	1	1	1	0	2	1	1	2	3	1	3	1	2	2	0.57	0.201	0.217	0.0	0.296	0.279	0.76	0.542	0.463	0.326	0.436	0.57	0.42	0.229
DE241C0:DE317C0	0.519	1	1	2	1	1	1	3	2	2	1	3	2	1	1	0.405	0.673	0.217	0.657	0.177	1.0	0.24	0.367	0.673	0.737	0.436	0.573	0.352	0.056
DE241C0:DE327C0	0.521	1	1	1	0	1	2	1	2	2	1	2	1	2	2	1.0	0.673	0.405	0.0	0.296	0.401	0.779	0.198	0.667	0.24	0.436	0.159	0.335	0.457
DE241C0:DE366C0	0.455	1	2	1	0	1	1	1	1	1	2	2	0	3	2	0.618	0.612	0.379	0.0	0.099	0.483	0.182	0.74	0.327	0.636	0.297	0.0	0.15	0.487
DE241C0:MKK2835.2G/	0.439	1	1	1	0	1	1	1	2	1	1	3	1	0	1	1.0	0.673	0.379	0.0	0.296	1.0	0.24	0.542	0.673	0.24	0.436	1.0	0.0	0.056
DE241C0:NHP1337.12C/	0.56	0	1	2	1	1	0	1	1	1	1	2	0	1	2	0.0	0.327	0.405	1.0	0.704	0.0	0.76	0.198	0.327	0.76	0.297	0.0	1.0	0.487
DE267C0:DE274C0	0.378	1	1	2	2	2	0	1	1	3	1	2	2	1	1	0.43	0.129	0.431	0.383	0.317	0.0	0.191	0.207	0.381	0.511	0.206	0.314	0.498	0.087
DE267C0:DE317C0	0.48	1	1	2	2	2	2	1	2	2	3	2	2	2	1	0.595	0.745	0.319	0.554	0.317	0.518	0.783	0.076	0.381	0.272	0.206	0.198	0.111	0.624
DE267C0:DE327C0	0.526	0	1	1	2	1	3	3	2	2	2	4	1	3	1	0.0	0.745	0.102	0.383	0.317	0.401	0.24	0.257	0.379	0.489	0.292	0.841	0.133	0.204
DE267C0:DE366C0	0.505	1	3	1	2	2	1	2	2	1	2	3	1	4	2	0.377	0.255	0.681	0.383	0.241	0.163	0.274	0.233	0.619	0.364	0.416	1.0	0.192	0.204
DE267C0:MKK2835.2G/	0.473	0	1	1	2	1	2	2	2	1	2	2	0	2	1	0.0	0.745	0.681	0.383	0.317	0.518	0.536	0.207	0.381	0.489	0.206	0.0	0.241	0.624
DE267C0:NHP1337.12C/	0.527	1	1	1	2	2	1	1	2	1	1	3	1	1	2	1.0	0.255	0.319	0.171	0.442	0.318	0.191	0.44	0.619	0.059	0.416	1.0	0.688	0.204
DE274C0:DE317C0	0.534	0	1	2	1	1	1	2	2	2	2	1	3	3	2	0.0	0.126	0.569	0.343	0.608	0.279	0.217	0.367	0.463	0.294	1.0	0.259	0.269	0.258
DE274C0:DE327C0	0.52	1	1	1	1	1	2	1	2	2	1	1	2	4	2	0.57	0.126	0.352	1.0	0.727	0.117	0.539	0.183	0.463	0.434	0.576	0.155	0.269	0.497
DE274C0:DE366C0	0.481	1	3	1	1	1	1	1	2	2	1	1	2	5	1	0.193	0.227	0.431	1.0	0.332	0.797	0.422	0.542	0.3	0.202	0.168	0.314	0.192	0.497
DE274C0:MKK2835.2G/	0.525	1	1	1	1	1	1	0	1	2	1	1	1	2	2	0.57	0.126	0.431	1.0	0.727	0.279	0.0	0.869	0.463	0.434	1.0	0.57	0.233	0.258
DE274C0:NHP1337.12C/	0.474	1	1	1	0	1	2	1	1	2	1	0	2	2	1	0.43	0.874	0.569	0.0	0.273	0.518	1.0	0.131	0.3	0.566	0.0	0.314	0.42	0.497
DE317C0:DE327C0	0.572	1	1	1	1	1	2	2	3	2	2	1	3	2	1	0.405	1.0	0.531	0.343	0.881	0.401	0.24	0.356	0.753	0.272	0.576	0.198	0.683	0.171
DE317C0:DE366C0	0.364	2	2	1	1	2	1	2	3	1	2	1	2	3	0	0.405	0.245	0.253	0.343	0.605	0.483	0.109	0.367	0.099	0.373	0.168	0.198	0.345	0.0
DE317C0:MKK2835.2G/	0.731	1	1	1	1	1	1	2	2	1	2	1	2	1	1	0.405	1.0	0.253	0.343	0.881	1.0	0.531	0.367	0.901	0.272	1.0	0.573	0.648	1.0
DE317C0:NHP1337.12C/	0.269	1	0	1	1	1	0	2	2	1	1	0	2	1	0	0.595	0.0	0.747	0.657	0.119	0.0	0.217	0.356	0.099	0.465	0.0	0.198	0.352	0.0
DE327C0:DE366C0	0.57	1	2	1	1	1	2	2	2	1	1	1	1	3	1	0.623	0.245	0.217	1.0	0.605	0.276	0.221	0.458	0.247	0.364	0.292	0.841	0.271	0.829
DE327C0:MKK2835.2G/	0.549	1	1	1	1	1	2	2	1	1	1	1	1	2	1	1.0	1.0	0.217	1.0	1.0	0.401	0.24	0.183	0.753	1.0	0.576	0.159	0.394	0.171
DE327C0:NHP1337.12C/	0.451	0	0	1	0	0	1	1	1	1	0	2	1	2	1	0.0	0.0	0.783	0.0	0.0	0.323	0.539	0.817	0.247	0.0	0.292	0.841	0.335	0.829
DE366C0:MKK2835.2G/	0.378	1	2	1	1	1	1	1	1	0	1	1	0	3	0	0.623	0.245	1.0	1.0	0.605	0.483	0.578	0.542	0.0	0.364	0.168	0.0	0.271	0.0
DE366C0:NHP1337.12C/	0.622	1	3	0	0	1	1	1	1	1	1	1	1	3	1	0.377	0.367	0.0	0.0	0.395	0.517	0.422	0.458	1.0	0.636	0.832	1.0	0.192	1.0
